Number Nucleus	Spin	Abundance	FreqFactor	Ratio	RatioAcq				
1	H	1/2	99.980000	1.000000	100.000000	100.000000				
2	H	1	0.015	0.15351	15.350609	15.350609				
3	H	1/2	0.000000	1.066630	106.663974	106.663974				
3	He	1/2	0.000130	0.761780	76.178976	76.178976				
6	Li	1	7.42	0.14717	14.716086	14.716086				
7	Li	3/2	92.580000	0.388630	38.863797	38.863797				
9	Be	3/2	100.000000	0.140530	14.051813	14.051813				
10	B	3	19.58	0.10743	10.743658	10.743658				
11	B	3/2	8.42	0.320840	32.083974	32.083974				
13	C	1/2	1.108000	0.251440	25.145020	25.144953				
14	N	1	99.63	0.07226	7.226317	7.226317				
15	N	1/2	0.370000	0.101330	10.136767	10.132912				
17	O	5/2	0.037	0.13562	13.556457	13.556457				
19	F	1/2	100.000000	0.940770	94.094011	94.094011				
21	Ne	3/2	0.257000	0.078940	7.894296	7.894296				
23	Na	3/2	100.000000	0.264510	26.451900	26.451900				
25	Mg	5/2	10.13	0.06126	6.121635	6.121635				
27	Al	5/2	100.000000	0.260770	26.056859	26.056859				
29	Si	1/2	4.700000	0.198650	19.867187	19.867187				
31	P	1/2	100.000000	0.404810	40.480742	40.480864				
33	S	3/2	0.760000	0.076700	7.676000	7.676000				
35	Cl	3/2	75.530000	0.097980	9.797909	9.797909				
37	Cl	3/2	24.470000	0.081560	8.155725	8.155725				
39	K	3/2	93.100000	0.046660	4.666373	4.666373				
40	K	4	0.012	0.05810	5.802018	5.802018				
41	K	3/2	6.880000	0.025610	2.561305	2.561305				
43	Ca	7/2	0.145	0.06739	6.730029	6.730029				
45	Sc	7/2	100	0.24330	24.291747	24.291747				
47	Ti	5/2	7.28	0.5643	5.637534	5.637534				
49	Ti	7/2	5.51	0.56443	5.639037	5.639037				
50	V	6	0.24	0.09988	9.970309	9.970309				
51	V	7/2	99.76	0.26350	26.302948	26.302948				
53	Cr	3/2	9.550000	0.056520	5.652496	5.652496				
55	Mn	5/2	100	0.26840	24.789218	24.789218				
57	Fe	1/2	2.190000	0.032310	3.237778	3.237778				
59	Co	7/2	100	0.23727	23.727074	23.727074				
61	Ni	3/2	1.190000	0.089360	8.936051	8.936051				
63	Cu	3/2	69.090000	0.265050	26.515473	26.515473				
65	Cu	3/2	30.910000	0.283940	28.403693	28.403693				
67	Zn	5/2	4.11	0.06256	6.256803	6.256803				
69	Ga	3/2	60.400000	0.240030	24.001354	24.001354				
71	Ga	3/2	39.600000	0.304950	30.496704	30.496704				
73	Ge	9/2	7.76	0.03488	3.488315	3.488315				
75	As	3/2	100.000000	0.171270	17.122614	17.122614				
77	Se	1/2	7.580000	0.190680	19.071513	19.071513				
79	Br	3/2	50.540000	0.250530	25.053980	25.053980				
81	Br	3/2	49.460000	0.270060	27.006518	27.006518				
83	Kr	9/2	11.55	0.03862	3.847600	3.847600				
85	Rb	5/2	72.15	0.09690	9.654943	9.654943				
87	Rb	3/2	27.850000	0.327210	32.720454	32.720454				
87	Sr	9/2	7.02	0.04349	4.333822	4.333822				
89	Y	1/2	100.000000	0.048990	4.900198	4.900198				
91	Zr	5/2	11.23	0.09336	9.296298	9.296298				
93	Nb	9/2	100	0.24549	24.476170	24.476170				
95	Mo	5/2	15.72	0.06547	6.516926	6.516926				
97	Mo	5/2	9.46	6.685	6.653695	6.653695				
99	Tc	9/2	0	0.22508	22.508326	22.508326				
99	Ru	3/2	12.720000	0.033900	4.605151	4.605151				
101	Ru	5/2	17.07	0.05161	5.161369	5.161369				
103	Rh	1/2	100.000000	0.031470	3.186447	3.186447				
105	Pd	5/2	22.23	0.04576	4.576100	4.576100				
107	Ag	1/2	51.820000	0.040460	4.047819	4.047819				
109	Ag	1/2	48.180000	0.046520	4.653533	4.653533				
111	Cd	1/2	12.750000	0.212050	21.215480	21.215480				
113	Cd	1/2	12.260000	0.221830	22.193175	22.193175				
113	In	9/2	4.28	0.21996	21.865755	21.865755				
115	In	9/2	95.72	0.22043	21.912629	21.912629				
115	Sn	1/2	0.350000	0.32719	32.718749	32.718749				
121	Sb	5/2	57.25	0.24088	23.930577	23.930577				
123	Sb	7/2	42.75	0.13047	12.959217	12.959217				
123	Te	1/2	0.870000	0.262080	26.169742	26.169742				
127	I	5/2	100	0.20146	20.007486	20.007486				
129	Xe	1/2	26.440000	0.276600	27.810186	27.810186				
131	Xe	3/2	21.180000	0.081990	8.243921	8.243921				
133	Cs	7/2	100	0.13116142	13.116142	13.116142				
135	Ba	3/2	6.590000	0.099340	9.934457	9.934457				
137	Ba	3/2	11.320000	0.111130	11.112928	11.112928				
138	La	5	0.09	0.13296	13.194300	13.194300				
139	La	7/2	99.91	0.14236	14.125641	14.125641				
177	Hf	7/2	18.5	0.04095	4.007000	4.007000				
179	Hf	9/2	13.75	0.0255	2.517000	2.517000				
181	Ta	7/2	99.988	0.12128	11.989600	11.989600				
183	W	1/2	14.400000	0.041610	4.166387	4.166387				
185	Re	5/2	37.07	0.22823	22.524600	22.524600				
187	Re	5/2	62.93	0.23057	22.751600	22.751600				
187	Os	1/2	1.640000	0.023030	2.282331	2.282331				
189	Os	3/2	16.100000	0.077590	7.765400	7.765400				
191	Ir	3/2	37.300000	0.017190	1.718000	1.718000				
193	Ir	3/2	62.700000	0.018710	1.871000	1.871000				
195	Pt	1/2	33.800000	0.214990	21.496784	21.496784				
197	Au	3/2	100.000000	0.017130	1.729000	1.729000				
199	Hg	1/2	16.840000	0.178270	17.910822	17.910822				
201	Hg	3/2	13.220000	0.066000	6.611583	6.611583				
203	Tl	1/2	29.500000	0.571490	57.123200	57.123200				
205	Tl	1/2	70.500000	0.577080	57.683838	57.683838				
207	Pb	1/2	22.600000	0.209220	20.920599	20.920599				
209	Bi	9/2	100	0.16355	16.069288	16.069288				
