MHG1_VAL  	 0.21	 0.22	 1497	500.0	2000.0
MHG1  Avg 	 0.21	 0.22	 1497
AHH_TRP   	 0.28	 0.34	  710	500.0	2000.0
AHH   Avg 	 0.28	 0.34	  710
MHG2_THR  	 0.18	 0.19	 4395	500.0	2000.0
MHG2_ILE  	 0.21	 0.22	 4312	500.0	2000.0
MHG2_VAL  	 0.22	 0.24	 1495	500.0	2000.0
MHG2  Avg 	 0.20	 0.21	10202
MHB_ALA   	 0.20	 0.21	 6012	500.0	2000.0
MHB   Avg 	 0.20	 0.21	 6012
MHE_MET   	 0.31	 0.35	 1043	500.0	2000.0
MHE   Avg 	 0.31	 0.35	 1043
HG2_PRO   	 0.28	 0.29	 2690	500.0	2000.0
HG2_GLN   	 0.24	 0.25	 2937	500.0	2000.0
HG2_ARG   	 0.25	 0.26	 3176	500.0	2000.0
HG2_LYS   	 0.23	 0.23	 4948	500.0	2000.0
HG2_GLU   	 0.19	 0.20	 5315	500.0	2000.0
HG2_MET   	 0.31	 0.33	 1364	500.0	2000.0
HG2   Avg 	 0.24	 0.25	20430
AHZ_TRP   	 0.35	 0.38	 1454	500.0	2000.0
AHZ_PHE   	 0.31	 0.34	 1463	500.0	2000.0
AHZ   Avg 	 0.33	 0.36	 2917
HG3_GLN   	 0.25	 0.27	 2646	500.0	2000.0
HG3_LYS   	 0.24	 0.25	 4450	500.0	2000.0
HG3_MET   	 0.32	 0.36	 1277	500.0	2000.0
HG3_ARG   	 0.25	 0.26	 2913	500.0	2000.0
HG3_PRO   	 0.29	 0.31	 2440	500.0	2000.0
HG3_GLU   	 0.20	 0.21	 4834	500.0	2000.0
HG3   Avg 	 0.25	 0.26	18560
HD21_ASN  	 0.47	 0.50	 2567	500.0	2000.0
HD21  Avg 	 0.47	 0.50	 2567
HD22_ASN  	 0.46	 0.49	 2542	500.0	2000.0
HD22  Avg 	 0.46	 0.49	 2542
MCD2_LEU  	 1.01	 1.11	 1324	500.0	2000.0
MCD2  Avg 	 1.01	 1.11	 1324
MCD1_LEU  	 0.95	 1.05	 1326	500.0	2000.0
MCD1_ILE  	 1.35	 1.39	 4071	500.0	2000.0
MCD1  Avg 	 1.26	 1.31	 5397
HD3_LYS   	 0.22	 0.23	 3744	500.0	2000.0
HD3_PRO   	 0.36	 0.37	 2568	500.0	2000.0
HD3_ARG   	 0.25	 0.26	 2796	500.0	2000.0
HD3   Avg 	 0.27	 0.28	 9108
HD2_ARG   	 0.24	 0.25	 3122	500.0	2000.0
HD2_LYS   	 0.21	 0.22	 4326	500.0	2000.0
HD2_PRO   	 0.31	 0.32	 2705	500.0	2000.0
HD2   Avg 	 0.25	 0.26	10153
NE_ARG    	 1.57	 2.28	  604	100.0	800.0
NE    Avg 	 1.57	 2.28	  604
ND2_ASN   	 2.13	 2.23	 2320	100.0	800.0
ND2   Avg 	 2.13	 2.23	 2320
HG13_ILE  	 0.38	 0.39	 3860	500.0	2000.0
HG13  Avg 	 0.38	 0.39	 3860
HG12_ILE  	 0.37	 0.38	 4073	500.0	2000.0
HG12  Avg 	 0.37	 0.38	 4073
C_TYR     	 1.19	 1.23	 3342	800.0	1100.0
C_ARG     	 1.18	 1.20	 4834	800.0	1100.0
C_TRP     	 1.17	 1.30	 1396	800.0	1100.0
C_PRO     	 1.17	 1.26	 3763	800.0	1100.0
C_MET     	 1.21	 1.29	 2024	800.0	1100.0
C_ALA     	 1.20	 1.22	 7578	800.0	1100.0
C_CYS     	 1.25	 1.33	 1452	800.0	1100.0
C_THR     	 1.12	 1.14	 5491	800.0	1100.0
C_LYS     	 1.13	 1.15	 7010	800.0	1100.0
C_GLU     	 1.11	 1.12	 7432	800.0	1100.0
C_HIS     	 1.23	 1.30	 2124	800.0	1100.0
C_LEU     	 1.07	 1.23	  941	800.0	1100.0
C_PHE     	 1.19	 1.23	 4107	800.0	1100.0
C_SER     	 1.13	 1.15	 5906	800.0	1100.0
C_ILE     	 1.15	 1.18	 5876	800.0	1100.0
C_ASN     	 1.12	 1.15	 4280	800.0	1100.0
C_GLY     	 1.19	 1.20	 7212	800.0	1100.0
C_VAL     	 1.06	 1.16	 1098	800.0	1100.0
C_ASP     	 1.10	 1.12	 6185	800.0	1100.0
C_GLN     	 1.07	 1.10	 4156	800.0	1100.0
C     Avg 	 1.15	 1.18	86207
MCG1_VAL  	 0.97	 1.04	 1536	500.0	2000.0
MCG1  Avg 	 0.97	 1.04	 1536
MCG2_THR  	 1.06	 1.09	 3817	500.0	2000.0
MCG2_ILE  	 1.19	 1.22	 3977	500.0	2000.0
MCG2_VAL  	 0.99	 1.06	 1533	500.0	2000.0
MCG2  Avg 	 1.11	 1.15	 9327
H_TRP     	 0.50	 0.54	 1881	483.33	1788.89
H_ASN     	 0.48	 0.49	 6033	483.33	1788.89
H_GLU     	 0.48	 0.49	10291	483.33	1788.89
H_LYS     	 0.46	 0.47	 9868	483.33	1788.89
H_ILE     	 0.45	 0.46	 8076	483.33	1788.89
H_GLN     	 0.46	 0.47	 5783	483.33	1788.89
H_GLY     	 0.51	 0.51	10227	483.33	1788.89
H_MET     	 0.47	 0.49	 2865	483.33	1788.89
H_CYS     	 0.50	 0.52	 2343	483.33	1788.89
H_PHE     	 0.50	 0.51	 5735	483.33	1788.89
H_LEU     	 0.40	 0.46	 1279	483.33	1788.89
H_ASP     	 0.47	 0.48	 8631	483.33	1788.89
H_HIS     	 0.52	 0.54	 2962	483.33	1788.89
H_ARG     	 0.47	 0.48	 6725	483.33	1788.89
H_VAL     	 0.43	 0.47	 1496	483.33	1788.89
H_TYR     	 0.50	 0.51	 4757	483.33	1788.89
H_SER     	 0.48	 0.48	 8308	483.33	1788.89
H_ALA     	 0.48	 0.48	10555	483.33	1788.89
H_THR     	 0.48	 0.49	 7899	483.33	1788.89
H     Avg 	 0.48	 0.49	115714
CG1_ILE   	 1.17	 1.21	 3633	500.0	2000.0
CG1   Avg 	 1.17	 1.21	 3633
N_GLY     	 2.62	 2.64	 9950	97.37	752.63
N_GLU     	 2.46	 2.49	10179	97.37	752.63
N_ILE     	 2.73	 2.77	 7925	97.37	752.63
N_SER     	 2.70	 2.73	 8130	97.37	752.63
N_ASP     	 2.69	 2.73	 8521	97.37	752.63
N_LEU     	 2.30	 2.57	 1283	97.37	752.63
N_TYR     	 2.64	 2.72	 4642	97.37	752.63
N_VAL     	 2.49	 2.88	 1492	97.37	752.63
N_GLN     	 2.48	 2.53	 5667	97.37	752.63
N_MET     	 2.49	 2.60	 2837	97.37	752.63
N_TRP     	 2.63	 2.84	 1839	97.37	752.63
N_CYS     	 2.72	 2.85	 2154	97.37	752.63
N_ARG     	 2.56	 2.61	 6606	97.37	752.63
N_PHE     	 2.60	 2.66	 5658	97.37	752.63
N_THR     	 3.03	 3.06	 7666	97.37	752.63
N_ASN     	 2.62	 2.67	 5893	97.37	752.63
N_HIS     	 2.67	 2.78	 2896	97.37	752.63
N_ALA     	 2.41	 2.43	10342	97.37	752.63
N_LYS     	 2.53	 2.56	 9627	97.37	752.63
N     Avg 	 2.61	 2.67	113307
HE2_LYS   	 0.20	 0.21	 4327	500.0	2000.0
HE2   Avg 	 0.20	 0.21	 4327
HE3_LYS   	 0.21	 0.21	 3658	500.0	2000.0
HE3   Avg 	 0.21	 0.21	 3658
HA2_GLY   	 0.39	 0.39	 6366	500.0	2000.0
HA2   Avg 	 0.39	 0.39	 6366
NE2_GLN   	 1.71	 1.81	 2073	100.0	800.0
NE2   Avg 	 1.71	 1.81	 2073
HA3_GLY   	 0.40	 0.40	 6150	500.0	2000.0
HA3   Avg 	 0.40	 0.40	 6150
HE22_GLN  	 0.43	 0.46	 2242	500.0	2000.0
HE22  Avg 	 0.43	 0.46	 2242
HE21_GLN  	 0.42	 0.45	 2255	500.0	2000.0
HE21  Avg 	 0.42	 0.45	 2255
CA_GLN    	 0.92	 0.94	 5471	191.66	1550.0
CA_GLU    	 0.90	 0.91	 9765	191.66	1550.0
CA_GLY    	 0.75	 0.76	 9731	191.66	1550.0
CA_SER    	 1.03	 1.05	 7947	191.66	1550.0
CA_ILE    	 1.10	 1.12	 7659	191.66	1550.0
CA_PHE    	 1.11	 1.14	 5407	191.66	1550.0
CA_ASN    	 0.90	 0.91	 5751	191.66	1550.0
CA_LEU    	 0.69	 0.77	 1302	191.66	1550.0
CA_LYS    	 0.94	 0.95	 9190	191.66	1550.0
CA_VAL    	 0.83	 0.90	 1511	191.66	1550.0
CA_PRO    	 0.78	 0.80	 5009	191.66	1550.0
CA_CYS    	 1.55	 1.62	 1931	191.66	1550.0
CA_THR    	 1.10	 1.12	 7378	191.66	1550.0
CA_TRP    	 1.10	 1.18	 1776	191.66	1550.0
CA_TYR    	 1.15	 1.18	 4472	191.66	1550.0
CA_ALA    	 0.76	 0.77	10041	191.66	1550.0
CA_ARG    	 0.99	 1.01	 6408	191.66	1550.0
CA_HIS    	 1.18	 1.24	 2861	191.66	1550.0
CA_ASP    	 0.91	 0.93	 8177	191.66	1550.0
CA_MET    	 1.09	 1.14	 2741	191.66	1550.0
CA    Avg 	 0.97	 0.99	114528
CB_SER    	 0.91	 0.92	 7387	209.09	1254.55
CB_ARG    	 1.01	 1.03	 5989	209.09	1254.55
CB_THR    	 0.96	 0.98	 6866	209.09	1254.55
CB_LYS    	 0.97	 0.99	 8709	209.09	1254.55
CB_PHE    	 1.10	 1.13	 5150	209.09	1254.55
CB_MET    	 1.42	 1.49	 2506	209.09	1254.55
CB_GLN    	 1.06	 1.09	 5165	209.09	1254.55
CB_LEU    	 0.91	 1.09	 1286	209.09	1254.55
CB_PRO    	 0.83	 0.85	 4701	209.09	1254.55
CB_ASP    	 0.96	 0.98	 7769	209.09	1254.55
CB_ASN    	 1.03	 1.06	 5486	209.09	1254.55
CB_CYS    	 1.75	 1.85	 1738	209.09	1254.55
CB_GLU    	 0.93	 0.95	 9214	209.09	1254.55
CB_ILE    	 1.11	 1.13	 7232	209.09	1254.55
CB_TRP    	 1.09	 1.19	 1673	209.09	1254.55
CB_TYR    	 1.15	 1.19	 4212	209.09	1254.55
CB_HIS    	 1.37	 1.43	 2694	209.09	1254.55
CB_VAL    	 0.81	 0.88	 1506	209.09	1254.55
CB    Avg 	 1.04	 1.07	89283
CD_LYS    	 0.77	 0.80	 4113	500.0	2000.0
CD_ARG    	 0.61	 0.65	 2856	500.0	2000.0
CD_GLN    	 0.72	 1.13	  433	500.0	2000.0
CD_PRO    	 0.61	 0.64	 2434	500.0	2000.0
CD    Avg 	 0.69	 0.74	 9836
ACD_TYR   	 0.86	 0.91	 2025	500.0	2000.0
ACD_HIS   	 1.24	 3.83	  203	500.0	2000.0
ACD_TRP   	 1.13	 1.39	  524	500.0	2000.0
ACD_PHE   	 0.88	 0.92	 2367	500.0	2000.0
ACD   Avg 	 0.92	 1.22	 5119
CE_LYS    	 0.50	 0.52	 4009	500.0	2000.0
CE    Avg 	 0.50	 0.52	 4009
ACE_PHE   	 0.92	 0.97	 1996	500.0	2000.0
ACE_HIS   	 1.06	 3.36	  218	500.0	2000.0
ACE_TRP   	 1.86	 2.20	  829	500.0	2000.0
ACE_TYR   	 0.71	 0.75	 1988	500.0	2000.0
ACE   Avg 	 1.07	 1.37	 5031
CG_ARG    	 0.91	 0.95	 2820	500.0	2000.0
CG_GLN    	 0.80	 0.84	 2640	500.0	2000.0
CG_MET    	 1.02	 1.15	 1200	500.0	2000.0
CG_LEU    	 0.71	 0.82	 1126	500.0	2000.0
CG_LYS    	 0.79	 0.82	 4363	500.0	2000.0
CG_ASN    	 0.74	 1.00	  504	500.0	2000.0
CG_PRO    	 0.76	 0.80	 2468	500.0	2000.0
CG_GLU    	 0.82	 0.85	 4793	500.0	2000.0
CG    Avg 	 0.82	 0.87	19914
ACH_TRP   	 0.94	 1.29	  473	500.0	2000.0
ACH   Avg 	 0.94	 1.29	  473
MHD1_ILE  	 0.23	 0.24	 4412	500.0	2000.0
MHD1_LEU  	 0.23	 0.25	 1301	500.0	2000.0
MHD1  Avg 	 0.23	 0.24	 5713
MCB_ALA   	 1.18	 1.19	 9577	500.0	2000.0
MCB   Avg 	 1.18	 1.19	 9577
MHD2_LEU  	 0.21	 0.24	 1299	500.0	2000.0
MHD2  Avg 	 0.21	 0.24	 1299
MCE_MET   	 1.23	 1.42	  924	500.0	2000.0
MCE   Avg 	 1.23	 1.42	  924
HB3_PHE   	 0.37	 0.38	 3140	500.0	2000.0
HB3_ARG   	 0.27	 0.28	 3354	500.0	2000.0
HB3_CYS   	 0.44	 0.47	 1408	500.0	2000.0
HB3_ASN   	 0.30	 0.31	 3336	500.0	2000.0
HB3_LYS   	 0.23	 0.23	 5148	500.0	2000.0
HB3_HIS   	 0.39	 0.42	 1630	500.0	2000.0
HB3_SER   	 0.25	 0.25	 4366	500.0	2000.0
HB3_TRP   	 0.34	 0.39	 1030	500.0	2000.0
HB3_MET   	 0.31	 0.35	 1401	500.0	2000.0
HB3_LEU   	 0.34	 0.37	 1212	500.0	2000.0
HB3_TYR   	 0.37	 0.38	 2590	500.0	2000.0
HB3_PRO   	 0.32	 0.34	 2901	500.0	2000.0
HB3_ASP   	 0.25	 0.26	 4620	500.0	2000.0
HB3_GLN   	 0.26	 0.28	 2925	500.0	2000.0
HB3_GLU   	 0.21	 0.22	 5292	500.0	2000.0
HB3   Avg 	 0.29	 0.31	44353
ACZ_TRP   	 2.81	 3.26	  713	500.0	2000.0
ACZ_PHE   	 1.05	 1.29	  832	500.0	2000.0
ACZ   Avg 	 2.06	 2.41	 1545
HA_ILE    	 0.26	 0.27	 4912	431.58	3178.95
HA_GLN    	 0.23	 0.24	 3535	431.58	3178.95
HA_ASN    	 0.22	 0.23	 3791	431.58	3178.95
HA_MET    	 0.26	 0.28	 1715	431.58	3178.95
HA_TRP    	 0.26	 0.29	 1123	431.58	3178.95
HA_HIS    	 0.26	 0.27	 1817	431.58	3178.95
HA_ALA    	 0.23	 0.23	 6327	431.58	3178.95
HA_TYR    	 0.28	 0.29	 2856	431.58	3178.95
HA_PRO    	 0.22	 0.23	 3317	431.58	3178.95
HA_GLU    	 0.22	 0.22	 6456	431.58	3178.95
HA_ASP    	 0.20	 0.21	 5342	431.58	3178.95
HA_LYS    	 0.23	 0.23	 6249	431.58	3178.95
HA_SER    	 0.24	 0.25	 5095	431.58	3178.95
HA_VAL    	 0.26	 0.28	 1397	431.58	3178.95
HA_LEU    	 0.21	 0.25	 1246	431.58	3178.95
HA_ARG    	 0.24	 0.25	 4002	431.58	3178.95
HA_THR    	 0.26	 0.27	 4829	431.58	3178.95
HA_CYS    	 0.28	 0.30	 1513	431.58	3178.95
HA_PHE    	 0.28	 0.29	 3421	431.58	3178.95
HA    Avg 	 0.24	 0.25	68943
HB2_LEU   	 0.30	 0.33	 1236	500.0	2000.0
HB2_PRO   	 0.32	 0.34	 3063	500.0	2000.0
HB2_ARG   	 0.25	 0.26	 3610	500.0	2000.0
HB2_PHE   	 0.36	 0.37	 3257	500.0	2000.0
HB2_MET   	 0.28	 0.31	 1501	500.0	2000.0
HB2_HIS   	 0.35	 0.38	 1700	500.0	2000.0
HB2_GLU   	 0.19	 0.20	 5754	500.0	2000.0
HB2_CYS   	 0.40	 0.42	 1491	500.0	2000.0
HB2_ASP   	 0.25	 0.26	 4874	500.0	2000.0
HB2_TRP   	 0.34	 0.39	 1066	500.0	2000.0
HB2_LYS   	 0.23	 0.23	 5570	500.0	2000.0
HB2_ASN   	 0.29	 0.30	 3496	500.0	2000.0
HB2_TYR   	 0.35	 0.37	 2675	500.0	2000.0
HB2_GLN   	 0.25	 0.26	 3133	500.0	2000.0
HB2_SER   	 0.25	 0.26	 4704	500.0	2000.0
HB2   Avg 	 0.28	 0.29	47130
HB_VAL    	 0.21	 0.23	 1441	500.0	2000.0
HB_ILE    	 0.23	 0.24	 4537	500.0	2000.0
HB_THR    	 0.25	 0.26	 4460	500.0	2000.0
HB    Avg 	 0.24	 0.24	10438
AHD_TYR   	 0.25	 0.26	 3806	500.0	2000.0
AHD_TRP   	 0.28	 0.33	  882	500.0	2000.0
AHD_PHE   	 0.26	 0.27	 4595	500.0	2000.0
AHD_HIS   	 0.38	 0.43	 1153	500.0	2000.0
AHD   Avg 	 0.28	 0.29	10436
HE_ARG    	 0.53	 0.60	  953	500.0	2000.0
HE    Avg 	 0.53	 0.60	  953
AHE_PHE   	 0.28	 0.29	 3989	500.0	2000.0
AHE_TYR   	 0.23	 0.23	 3560	500.0	2000.0
AHE_TRP   	 1.06	 1.15	 1427	500.0	2000.0
AHE_HIS   	 0.43	 0.68	  620	500.0	2000.0
AHE   Avg 	 0.48	 0.53	 9596
HG_LEU    	 0.27	 0.30	 1150	500.0	2000.0
HG    Avg 	 0.27	 0.30	 1150
