comp_id,atom_id,count,min,max,avg,std
A,H1',1439,4.466,7.156,5.890,0.211
A,H2,1463,6.077,9.385,7.626,0.441
A,H2',1242,3.608,5.907,4.578,0.223
A,H3',1038,4.062,5.43,4.632,0.209
A,H4',874,3.095,5.29,4.461,0.165
A,H5',671,2.803,5.032,4.309,0.240
A,H5'',683,3.203,4.69,4.175,0.192
A,H5",4,4.257,4.613,4.435,0.206
A,H61,269,5.59,10.4,7.489,0.769
A,H62,246,5.091,9.977,6.842,0.699
A,H8,1437,6.999,9.244,8.019,0.281
A,HO2',43,4.28,7.749,5.881,1.163
A,C1',792,84.233,97.8,91.277,1.943
A,C2,898,105.30,167.71,152.510,5.849
A,C2',571,65.245,99.00,75.632,3.917
A,C3',520,62.835,101.40,73.843,4.342
A,C4,28,145.326,151.893,148.066,1.717
A,C4',508,71.993,92.60,82.719,2.526
A,C5,28,66.277,153.63,118.531,12.338
A,C5',449,51.143,109.20,66.416,6.645
A,C6,30,140.86,159.6,155.959,3.128
A,C8,863,91.80,145.8,138.913,6.066
A,N1,219,153.868,229.70,219.279,13.454
A,N3,169,166.79,231.077,214.775,5.288
A,N6,129,71.934,95.780,81.237,3.219
A,N7,124,221.528,235.8,230.419,2.371
A,N9,170,160.253,176.8,170.185,2.189
A,P,169,-5.96,2.426,-3.348,1.296
C,H1',1696,3.60,6.424,5.552,0.228
C,H2',1410,3.388,5.068,4.330,0.212
C,H3',1250,3.212,5.633,4.413,0.196
C,H4',990,2.7614,4.942,4.330,0.196
C,H41,906,5.639,10.38,7.935,0.701
C,H42,884,5.23,8.936,7.225,0.665
C,H5,1696,4.195,6.623,5.475,0.286
C,H5',736,2.698,4.682,4.260,0.310
C,H5'',758,2.579,5.22,4.125,0.309
C,H5",14,4.330,4.601,4.490,0.112
C,H6,1744,6.91,8.46,7.673,0.209
C,HO2',67,3.96,9.70,5.887,1.459
C,C1',928,85.631,95.80,92.593,1.809
C,C2,48,154.3,189.36,161.980,10.069
C,C2',726,65.065,99.40,76.064,4.759
C,C3',671,59.843,104.90,73.454,6.201
C,C4,62,151.049,169.52,166.311,4.645
C,C4',622,71.834,92.60,82.432,2.729
C,C5,948,90.927,100.424,97.158,1.511
C,C5',523,4.08,110.20,65.222,8.352
C,C6,987,93.40,145.020,139.657,7.745
C,N1,211,91.76,178.834,151.247,10.024
C,N3,153,164.113,204.3,193.821,9.090
C,N4,352,69.955,104.607,97.668,2.846
C,P,162,-5.127,-0.2230,-3.679,1.202
G,H1,1392,6.910,14.323,12.344,0.961
G,H1',2110,3.410,6.78,5.661,0.319
G,H2',1787,3.256,6.299,4.580,0.252
G,H21,411,5.469,10.075,7.483,1.038
G,H22,380,4.71,8.978,6.439,0.844
G,H3',1582,3.797,5.775,4.556,0.259
G,H4',1258,2.7904,5.106,4.429,0.178
G,H5',1037,2.888,5.423,4.277,0.225
G,H5'',1027,2.550,5.11,4.181,0.231
G,H5",14,4.108,4.565,4.394,0.158
G,H8,2140,6.6086,8.625,7.604,0.357
G,HO2',59,4.37,7.097,5.829,1.138
G,C1',1096,82.254,96.603,91.600,1.985
G,C2,48,144.41,162.5,154.652,3.632
G,C2',836,64.735,99.40,75.464,4.487
G,C3',749,62.408,102.20,73.972,4.912
G,C4,35,148.9,158.620,151.770,2.122
G,C4',718,72.079,92.40,82.737,2.713
G,C5,49,115.1,167.24,122.773,14.913
G,C5',641,50.360,108.20,66.603,6.843
G,C6,65,136.45,162.394,158.522,6.342
G,C8,1285,88.40,144.1548,135.807,7.333
G,N1,826,80.51,166.07,146.837,4.182
G,N2,127,70.806,83.378,74.938,2.216
G,N3,15,84.63,234.10,152.461,39.539
G,N7,151,217.005,238.055,233.156,3.870
G,N9,246,161.426,176.4,169.603,1.990
G,P,197,-6.0,0.07900,-3.328,1.260
U,H1',1444,3.690,6.462,5.604,0.264
U,H2',1238,3.16464,5.20,4.367,0.238
U,H3,831,3.51,15.177,13.077,1.217
U,H3',1025,3.673,5.180,4.479,0.182
U,H4',859,2.969,4.797,4.364,0.191
U,H5,1408,4.195,6.476,5.463,0.316
U,H5',622,3.133,4.851,4.237,0.258
U,H5'',638,2.057,4.860,4.156,0.249
U,H5",16,4.073,4.664,4.393,0.178
U,H6,1475,6.816,8.522,7.741,0.200
U,HO2',51,4.08,8.906,6.069,1.405
U,C1',870,85.185,96.3,91.931,2.101
U,C2,74,149.613,183.20,153.894,6.748
U,C2',645,65.212,99.80,75.146,3.731
U,C3',575,62.261,102.50,73.781,4.865
U,C4,80,163.385,169.7,167.471,1.700
U,C4',558,72.067,94.42,82.833,2.662
U,C5,849,80.77,110.2669,103.145,2.104
U,C5',455,50.507,106.60,65.328,4.248
U,C6,884,92.80,146.8,140.499,6.920
U,N1,189,139.494,167.2,150.081,8.082
U,N3,513,151.4264,166.1083,160.734,2.383
U,P,143,-5.3,1.58,-3.345,1.553
