MHG1_VAL  	 0.21	 0.22	 1497	100	1400
MHG1  Avg 	 0.21	 0.22	 1497
AHH_TRP   	 0.28	 0.34	  710	200	2000
AHH   Avg 	 0.28	 0.34	  710
MHG2_THR  	 0.18	 0.18	 4395	100	2800
MHG2_ILE  	 0.21	 0.22	 4312	100	1400
MHG2_VAL  	 0.22	 0.25	 1495	200	2800
MHG2  Avg 	 0.20	 0.21	10202
MHB_ALA   	 0.20	 0.21	 6012	500	1400
MHB   Avg 	 0.20	 0.21	 6012
MHE_MET   	 0.30	 0.34	 1043	700	2800
MHE   Avg 	 0.30	 0.34	 1043
HG2_PRO   	 0.27	 0.28	 2690	100	1000
HG2_GLN   	 0.24	 0.25	 2937	300	800
HG2_ARG   	 0.25	 0.26	 3176	100	400
HG2_LYS   	 0.22	 0.23	 4948	100	400
HG2_GLU   	 0.19	 0.20	 5315	200	600
HG2_MET   	 0.31	 0.33	 1364	700	2400
HG2   Avg 	 0.23	 0.24	20430
AHZ_TRP   	 0.35	 0.38	 1454	200	2800
AHZ_PHE   	 0.31	 0.34	 1463	500	2800
AHZ   Avg 	 0.33	 0.36	 2917
HG3_GLN   	 0.25	 0.26	 2646	400	1000
HG3_LYS   	 0.24	 0.24	 4450	300	800
HG3_MET   	 0.32	 0.36	 1277	700	2000
HG3_ARG   	 0.25	 0.26	 2913	100	600
HG3_PRO   	 0.29	 0.30	 2440	100	1000
HG3_GLU   	 0.20	 0.20	 4834	100	1000
HG3   Avg 	 0.25	 0.26	18560
HD21_ASN  	 0.47	 0.50	 2567	400	1000
HD21  Avg 	 0.47	 0.50	 2567
HD22_ASN  	 0.46	 0.49	 2542	600	2800
HD22  Avg 	 0.46	 0.49	 2542
MCD2_LEU  	 1.00	 1.13	 1324	100	1600
MCD2  Avg 	 1.00	 1.13	 1324
MCD1_LEU  	 0.94	 1.04	 1326	100	1800
MCD1_ILE  	 1.35	 1.39	 4071	500	2800
MCD1  Avg 	 1.26	 1.31	 5397
HD3_LYS   	 0.22	 0.23	 3744	100	800
HD3_PRO   	 0.35	 0.37	 2568	300	800
HD3_ARG   	 0.24	 0.25	 2796	100	600
HD3   Avg 	 0.27	 0.28	 9108
HD2_ARG   	 0.24	 0.25	 3122	300	800
HD2_LYS   	 0.21	 0.22	 4326	300	800
HD2_PRO   	 0.30	 0.32	 2705	300	1000
HD2   Avg 	 0.25	 0.26	10153
NE_ARG    	 1.57	 2.28	  604	100	600
NE    Avg 	 1.57	 2.28	  604
ND2_ASN   	 2.09	 2.22	 2320	400	2800
ND2   Avg 	 2.09	 2.22	 2320
HG13_ILE  	 0.38	 0.39	 3860	500	1200
HG13  Avg 	 0.38	 0.39	 3860
HG12_ILE  	 0.37	 0.38	 4073	600	1400
HG12  Avg 	 0.37	 0.38	 4073
C_TYR     	 1.19	 1.22	 3342	100	400
C_ARG     	 1.17	 1.20	 4834	200	600
C_TRP     	 1.17	 1.29	 1396	100	400
C_PRO     	 1.17	 1.24	 3763	100	1600
C_MET     	 1.21	 1.29	 2024	400	1000
C_ALA     	 1.20	 1.21	 7578	100	400
C_CYS     	 1.25	 1.33	 1452	300	1400
C_THR     	 1.12	 1.14	 5491	500	1200
C_LYS     	 1.13	 1.14	 7010	200	600
C_GLU     	 1.11	 1.12	 7432	300	800
C_HIS     	 1.23	 1.30	 2124	400	1000
C_LEU     	 1.07	 1.21	  941	100	1400
C_PHE     	 1.20	 1.24	 4107	500	1200
C_SER     	 1.13	 1.15	 5906	500	1200
C_ILE     	 1.15	 1.17	 5876	100	1800
C_ASN     	 1.12	 1.15	 4280	400	1000
C_GLY     	 1.19	 1.20	 7212	500	1200
C_VAL     	 1.05	 1.17	 1098	100	1800
C_ASP     	 1.10	 1.12	 6185	400	1000
C_GLN     	 1.07	 1.10	 4156	400	1000
C     Avg 	 1.15	 1.18	86207
MCG1_VAL  	 0.97	 1.03	 1536	100	2800
MCG1  Avg 	 0.97	 1.03	 1536
MCG2_THR  	 1.06	 1.09	 3817	700	2800
MCG2_ILE  	 1.18	 1.22	 3977	700	2800
MCG2_VAL  	 0.98	 1.05	 1533	100	1200
MCG2  Avg 	 1.10	 1.14	 9327
H_TRP     	 0.50	 0.53	 1881	500	1200
H_ASN     	 0.48	 0.49	 6033	600	1600
H_GLU     	 0.48	 0.49	10291	700	1600
H_LYS     	 0.46	 0.47	 9868	600	1400
H_ILE     	 0.45	 0.46	 8076	600	1400
H_GLN     	 0.46	 0.47	 5783	600	1400
H_GLY     	 0.50	 0.51	10227	100	1200
H_MET     	 0.47	 0.49	 2865	500	1600
H_CYS     	 0.50	 0.52	 2343	300	1800
H_PHE     	 0.50	 0.51	 5735	600	1400
H_LEU     	 0.40	 0.47	 1279	600	1400
H_ASP     	 0.47	 0.48	 8631	500	1400
H_HIS     	 0.52	 0.54	 2962	500	1600
H_ARG     	 0.47	 0.48	 6725	600	1400
H_VAL     	 0.43	 0.46	 1496	500	1200
H_TYR     	 0.50	 0.51	 4757	600	1400
H_SER     	 0.48	 0.48	 8308	200	1800
H_ALA     	 0.48	 0.48	10555	600	1400
H_THR     	 0.48	 0.49	 7899	500	1400
H     Avg 	 0.48	 0.49	115714
CG1_ILE   	 1.17	 1.21	 3633	300	2200
CG1   Avg 	 1.17	 1.21	 3633
N_GLY     	 2.61	 2.63	 9950	300	1200
N_GLU     	 2.44	 2.47	10179	500	1200
N_ILE     	 2.71	 2.76	 7925	100	2200
N_SER     	 2.69	 2.72	 8130	500	1200
N_ASP     	 2.69	 2.72	 8521	300	800
N_LEU     	 2.27	 2.57	 1283	100	1600
N_TYR     	 2.63	 2.69	 4642	600	1400
N_VAL     	 2.48	 2.81	 1492	500	1200
N_GLN     	 2.46	 2.52	 5667	600	1400
N_MET     	 2.47	 2.59	 2837	600	1400
N_TRP     	 2.63	 2.86	 1839	400	1200
N_CYS     	 2.70	 2.83	 2154	600	1400
N_ARG     	 2.55	 2.60	 6606	400	1200
N_PHE     	 2.58	 2.64	 5658	600	1400
N_THR     	 3.02	 3.05	 7666	500	1200
N_ASN     	 2.61	 2.66	 5893	500	1200
N_HIS     	 2.66	 2.78	 2896	500	1200
N_ALA     	 2.40	 2.42	10342	500	1200
N_LYS     	 2.52	 2.55	 9627	500	1200
N     Avg 	 2.60	 2.66	113307
HE2_LYS   	 0.20	 0.21	 4327	300	800
HE2   Avg 	 0.20	 0.21	 4327
HE3_LYS   	 0.20	 0.21	 3658	100	800
HE3   Avg 	 0.20	 0.21	 3658
HA2_GLY   	 0.39	 0.40	 6366	200	2800
HA2   Avg 	 0.39	 0.40	 6366
NE2_GLN   	 1.68	 1.82	 2073	600	2800
NE2   Avg 	 1.68	 1.82	 2073
HA3_GLY   	 0.40	 0.40	 6150	100	2000
HA3   Avg 	 0.40	 0.40	 6150
HE22_GLN  	 0.43	 0.46	 2242	500	2800
HE22  Avg 	 0.43	 0.46	 2242
HE21_GLN  	 0.42	 0.45	 2255	600	1400
HE21  Avg 	 0.42	 0.45	 2255
CA_GLN    	 0.92	 0.94	 5471	200	1400
CA_GLU    	 0.90	 0.91	 9765	400	1200
CA_GLY    	 0.75	 0.76	 9731	100	1600
CA_SER    	 1.03	 1.04	 7947	100	1400
CA_ILE    	 1.10	 1.12	 7659	200	2000
CA_PHE    	 1.11	 1.14	 5407	400	1400
CA_ASN    	 0.90	 0.92	 5751	300	1400
CA_LEU    	 0.69	 0.78	 1302	300	1600
CA_LYS    	 0.94	 0.95	 9190	200	1600
CA_VAL    	 0.83	 0.91	 1511	100	1800
CA_PRO    	 0.78	 0.80	 5009	500	1200
CA_CYS    	 1.55	 1.62	 1931	100	1000
CA_THR    	 1.10	 1.12	 7378	500	1400
CA_TRP    	 1.10	 1.18	 1776	500	1400
CA_TYR    	 1.15	 1.18	 4472	600	1600
CA_ALA    	 0.76	 0.77	10041	100	1400
CA_ARG    	 0.99	 1.01	 6408	400	1400
CA_HIS    	 1.18	 1.23	 2861	300	2200
CA_ASP    	 0.91	 0.93	 8177	400	1200
CA_MET    	 1.09	 1.13	 2741	100	2200
CA    Avg 	 0.97	 0.99	114528
CB_SER    	 0.91	 0.92	 7387	100	1600
CB_ARG    	 1.00	 1.03	 5989	100	1600
CB_THR    	 0.96	 0.97	 6866	400	1200
CB_LYS    	 0.97	 0.99	 8709	100	1800
CB_PHE    	 1.10	 1.13	 5150	100	1400
CB_MET    	 1.40	 1.48	 2506	300	2800
CB_GLN    	 1.06	 1.09	 5165	100	1400
CB_LEU    	 0.90	 1.08	 1286	100	2800
CB_PRO    	 0.82	 0.85	 4701	300	1000
CB_ASP    	 0.96	 0.97	 7769	400	1600
CB_ASN    	 1.02	 1.05	 5486	300	2000
CB_CYS    	 1.75	 1.84	 1738	100	1200
CB_GLU    	 0.93	 0.95	 9214	300	1400
CB_ILE    	 1.10	 1.12	 7232	200	2600
CB_TRP    	 1.08	 1.19	 1673	100	2000
CB_TYR    	 1.15	 1.19	 4212	100	1400
CB_HIS    	 1.36	 1.42	 2694	100	2000
CB_VAL    	 0.80	 0.86	 1506	600	1400
CB    Avg 	 1.04	 1.07	89283
CD_LYS    	 0.77	 0.79	 4113	700	2800
CD_ARG    	 0.61	 0.64	 2856	700	2800
CD_GLN    	 0.70	 1.20	  433	700	2800
CD_PRO    	 0.61	 0.63	 2434	100	1400
CD    Avg 	 0.69	 0.74	 9836
ACD_TYR   	 0.86	 0.91	 2025	700	2000
ACD_HIS   	 1.16	 3.78	  203	700	2800
ACD_TRP   	 1.11	 1.48	  524	700	2800
ACD_PHE   	 0.88	 0.92	 2367	700	1800
ACG_HIS   	 0.88	 0.92	 2367	700	1800
ACG_TRP   	 0.88	 0.92	 2367	700	1800
ACG_TYR   	 0.88	 0.92	 2367	700	1800
ACG_PHE   	 0.88	 0.92	 2367	700	1800
ACD   Avg 	 0.91	 1.23	 5119
CE_LYS    	 0.50	 0.51	 4009	400	1000
CE    Avg 	 0.50	 0.51	 4009
ACE_PHE   	 0.92	 0.97	 1996	700	2800
ACE_HIS   	 1.00	 3.74	  218	600	2800
ACE_TRP   	 1.81	 2.15	  829	700	2800
ACE_TYR   	 0.70	 0.74	 1988	400	1000
ACE   Avg 	 1.05	 1.40	 5031
CG_ARG    	 0.91	 0.95	 2820	700	2600
CG_GLN    	 0.80	 0.85	 2640	700	2800
CG_MET    	 1.02	 1.15	 1200	700	2800
CG_LEU    	 0.71	 0.80	 1126	700	2800
CG_LYS    	 0.79	 0.82	 4363	600	2800
CG_ASN    	 0.74	 0.95	  504	400	1600
CG_PRO    	 0.74	 0.78	 2468	100	800
CG_GLU    	 0.82	 0.85	 4793	700	2800
CG    Avg 	 0.82	 0.87	19914
ACH_TRP   	 0.94	 1.27	  473	500	2800
ACH   Avg 	 0.94	 1.27	  473
MHD1_ILE  	 0.23	 0.24	 4412	100	2800
MHD1_LEU  	 0.23	 0.25	 1301	100	1800
MHD1  Avg 	 0.23	 0.24	 5713
MCB_ALA   	 1.17	 1.18	 9577	300	1400
MCB   Avg 	 1.17	 1.18	 9577
MHD2_LEU  	 0.21	 0.24	 1299	100	2800
MHD2  Avg 	 0.21	 0.24	 1299
MCE_MET   	 1.23	 1.44	  924	700	2800
MCE   Avg 	 1.23	 1.44	  924
HB3_PHE   	 0.33	 0.39	  778	500	1200
HB3_ARG   	 0.21	 0.24	 1235	300	800
HB3_ASN   	 0.25	 0.31	  857	500	1200
HB3_LYS   	 0.19	 0.21	 1995	100	400
HB3_HIS   	 0.37	 0.50	  455	700	1800
HB3_SER   	 0.22	 0.24	 1632	500	1600
HB3_MET   	 0.23	 0.37	  427	700	2800
HB3_LEU   	 0.29	 0.39	  405	100	2400
HB3_TYR   	 0.34	 0.41	  663	400	2800
HB3_TRP   	 0.34	 0.41	  663	400	2800
HB3_PRO   	 0.30	 0.37	  639	700	1800
HB3_ASP   	 0.22	 0.25	 1178	300	2800
HB3_GLN   	 0.24	 0.29	  983	700	1600
HB3_GLU   	 0.19	 0.20	 1919	100	600
HB3   Avg 	 0.24	 0.29	13166
ACZ_TRP   	 2.81	 3.23	  713	600	2800
ACZ_PHE   	 1.05	 1.26	  832	700	2800
ACZ_TYR   	 1.05	 1.26	  832	700	2800
ACZ   Avg 	 2.06	 2.38	 1545
HA_ILE    	 0.26	 0.27	 4912	500	2800
HA_GLN    	 0.23	 0.24	 3535	300	2800
HA_ASN    	 0.22	 0.23	 3791	300	2800
HA_MET    	 0.26	 0.28	 1715	600	2800
HA_TRP    	 0.26	 0.29	 1123	700	2800
HA_HIS    	 0.26	 0.28	 1817	700	2800
HA_ALA    	 0.23	 0.23	 6327	500	2800
HA_TYR    	 0.28	 0.29	 2856	500	2800
HA_PRO    	 0.22	 0.22	 3317	100	2800
HA_GLU    	 0.22	 0.22	 6456	500	2800
HA_ASP    	 0.20	 0.21	 5342	400	2800
HA_LYS    	 0.23	 0.23	 6249	600	2800
HA_SER    	 0.24	 0.25	 5095	400	2800
HA_VAL    	 0.26	 0.28	 1397	300	2800
HA_LEU    	 0.21	 0.25	 1246	300	2800
HA_ARG    	 0.24	 0.25	 4002	500	2800
HA_THR    	 0.26	 0.27	 4829	500	2600
HA_CYS    	 0.28	 0.30	 1513	100	2400
HA_PHE    	 0.28	 0.29	 3421	500	2800
HA    Avg 	 0.24	 0.25	68943
HB2_LEU   	 0.27	 0.39	  430	700	2800
HB2_PRO   	 0.32	 0.98	  800	100	800
HB2_ARG   	 0.21	 0.23	 1491	100	1200
HB2_PHE   	 0.31	 0.36	  891	700	2200
HB2_MET   	 0.24	 0.32	  526	700	2800
HB2_HIS   	 0.38	 0.50	  525	700	1600
HB2_GLU   	 0.18	 0.19	 2383	400	1000
HB2_CYS   	 0.41	 0.52	  414	200	2800
HB3_CYS   	 0.41	 0.52	  414	200	2800
HB2_ASP   	 0.22	 0.24	 1432	400	1000
HB2_LYS   	 0.19	 0.20	 2416	100	600
HB2_ASN   	 0.24	 0.29	 1015	500	2800
HB2_TYR   	 0.31	 0.36	  746	100	400
HB2_TRP   	 0.31	 0.36	  746	100	400
HB2_GLN   	 0.21	 0.24	 1191	500	1200
HB2_SER   	 0.22	 0.23	 1971	600	1400
HB2   Avg 	 0.24	 0.35	16231
HB_VAL    	 0.21	 0.23	 1441	100	1000
HB_ILE    	 0.23	 0.24	 4537	500	1200
HB_THR    	 0.24	 0.25	 4460	300	800
HB    Avg 	 0.23	 0.24	10438
AHD_TYR   	 0.25	 0.26	 3806	500	1200
AHD_TRP   	 0.28	 0.32	  882	700	2600
AHD_PHE   	 0.26	 0.27	 4595	600	1400
AHD_HIS   	 0.38	 0.43	 1153	700	2800
AHD   Avg 	 0.28	 0.29	10436
HE_ARG    	 0.53	 0.60	  953	700	1600
HE    Avg 	 0.53	 0.60	  953
AHE_PHE   	 0.28	 0.29	 3989	200	2800
AHE_TYR   	 0.23	 0.23	 3560	400	1200
AHE_TRP   	 1.04	 1.14	 1427	700	2800
AHE_HIS   	 0.43	 0.64	  620	500	2800
AHE   Avg 	 0.47	 0.52	 9596
HG_LEU    	 0.27	 0.30	 1150	100	1200
HG    Avg 	 0.27	 0.30	 1150
CZ_ARG	1.0	1.0	1000	400	2000
CG_ASP	1.0	1.0	1000	400	2000
CD_GLU	1.0	1.0	1000	400	2000
N_PRO	2.0	2.0	1000	400	2000
NH1_ARG	2.0	2.0	1000	400	2000
NH2_ARG	2.0	2.0	1000	400	2000
NZ_LYS	2.0	2.0	1000	400	2000
