TRP-HB3-TRP-CB 0.257193 2.963986 30.169271 0.111320 0.226487 0.226487 9.486724
TRP-HB3-TRP-CB 0.460669 3.237372 29.668856 0.071466 -0.060036 -0.060036 1.817710
TRP-HB3-TRP-CB 0.282139 2.860695 31.356516 0.332467 0.065330 0.065330 4.290565
VAL-HB-VAL-CB 0.164844 2.029521 32.591652 0.022235 -0.047458 -0.047458 0.492490
VAL-HB-VAL-CB 0.257694 1.869408 34.935027 0.050030 0.029921 0.029921 1.134732
VAL-HB-VAL-CB 0.136871 1.685449 32.557290 0.338409 0.127730 0.127730 6.572502
VAL-HB-VAL-CB 0.260000 2.073221 32.114762 0.059203 -0.021872 -0.021872 2.962255
VAL-HB-VAL-CB 0.180591 2.124624 31.501390 0.089382 0.002002 0.002002 0.175107
ARG-HA-ARG-CA 0.188856 3.936696 58.270266 0.218730 -0.137306 -0.137306 2.051404
ARG-HA-ARG-CA 0.327341 4.364643 56.007645 0.067552 -0.225321 -0.225321 1.663004
ARG-HA-ARG-CA 0.237502 4.883998 53.926987 0.207067 0.060391 0.060391 1.503571
ARG-HA-ARG-CA 0.048345 4.409959 54.802542 0.746038 -0.135832 -0.135832 0.469307
ARG-HA-ARG-CA 0.197956 3.967173 59.416253 0.027862 -0.057614 -0.057614 0.770769
VAL-HG13-VAL-CG1 0.712409 0.821719 20.586426 0.065854 0.219538 0.219538 1.444386
VAL-HG13-VAL-CG1 0.287591 0.873985 22.954978 0.014760 0.027406 0.027406 0.164796
MET-HB3-MET-CB 0.020195 1.068592 28.844564 1.067615 -1.149120 -1.149120 1.831675
MET-HB3-MET-CB 0.118608 1.880819 37.646718 0.075868 0.123882 0.123882 2.279406
MET-HB3-MET-CB 0.328476 2.110272 32.992102 0.027684 -0.039697 -0.039697 1.537954
MET-HB3-MET-CB 0.078174 1.798720 34.897294 0.455193 0.099934 0.099934 2.238867
MET-HB3-MET-CB 0.454546 1.990503 32.260292 0.107125 -0.062550 -0.062550 5.317248
ASP-HB2-ASP-CB 0.228590 2.689739 40.827333 0.012754 -0.006588 -0.006588 0.553460
ASP-HB2-ASP-CB 0.307759 2.840117 41.683011 0.112794 0.002715 0.002715 1.909141
ASP-HB2-ASP-CB 0.290453 2.821605 39.787633 0.043603 -0.014107 -0.014107 1.319896
ASP-HB2-ASP-CB 0.028583 2.672014 40.487438 0.714136 0.220133 0.220133 3.515854
ASP-HB2-ASP-CB 0.144615 2.568787 41.091429 0.058942 0.055962 0.055962 8.408613
PRO-HB3-PRO-CB 0.630439 2.055567 32.056014 0.080287 0.013955 0.013955 0.286063
PRO-HB3-PRO-CB 0.061175 1.088305 30.876190 0.673228 -0.013388 -0.013388 1.809622
PRO-HB3-PRO-CB 0.071882 1.733449 33.162483 0.257527 0.610719 0.610719 3.695329
PRO-HB3-PRO-CB 0.236504 2.005232 31.006841 0.069821 0.199802 0.199802 3.995751
THR-HG22-THR-CG2 1.000000 1.163000 20.929778 0.011248 -0.024592 -0.024592 1.487381
LYS-HG2-LYS-CG 0.239752 1.435762 25.439545 0.038121 0.024360 0.024360 0.495864
LYS-HG2-LYS-CG 0.088950 1.262126 24.620948 0.066250 0.545475 0.545475 11.320610
LYS-HG2-LYS-CG 0.065141 0.796276 24.196072 0.370340 0.215586 0.215586 2.836140
LYS-HG2-LYS-CG 0.430663 1.440658 24.890213 0.013185 0.011949 0.011949 0.131244
LYS-HG2-LYS-CG 0.175494 1.278017 23.933610 0.055384 -0.115707 -0.115707 0.810590
VAL-HG23-VAL-CG2 0.585294 0.828776 21.324449 0.009687 -0.017877 -0.017877 0.590789
VAL-HG23-VAL-CG2 0.414706 0.439402 19.714636 0.098898 -0.297195 -0.297195 2.623161
ILE-HG12-ILE-CG1 0.491324 1.402260 27.673989 0.070954 0.078730 0.078730 0.749520
ILE-HG12-ILE-CG1 0.306105 1.140028 28.855518 0.293946 0.318192 0.318192 1.696017
ILE-HG12-ILE-CG1 0.031475 1.111012 24.393507 0.114186 -0.193435 -0.193435 31.515186
ILE-HG12-ILE-CG1 0.171096 1.096427 25.860968 0.141004 0.039654 0.039654 1.469977
MET-HG2-MET-CG 1.000000 2.419766 32.014614 0.143355 0.048491 0.048491 2.200872
GLN-HB2-GLN-CB 0.245155 1.985418 31.406220 0.036218 0.035859 0.035859 2.934484
GLN-HB2-GLN-CB 0.143441 1.955108 26.987695 0.083829 -0.187886 -0.187886 1.790588
GLN-HB2-GLN-CB 0.380353 2.114592 28.513573 0.015259 -0.036893 -0.036893 0.706085
GLN-HB2-GLN-CB 0.078676 1.824910 30.134001 0.507846 0.664257 0.664257 9.075334
GLN-HB2-GLN-CB 0.152375 2.239941 29.394516 0.046205 -0.041251 -0.041251 0.957186
LYS-HD2-LYS-CD 0.247139 1.561492 28.492866 0.045508 0.085269 0.085269 4.009808
LYS-HD2-LYS-CD 0.625412 1.658401 29.202760 0.007850 0.003898 0.003898 0.174840
LYS-HD2-LYS-CD 0.016297 1.095312 23.973334 0.030488 -0.038184 -0.038184 0.091582
LYS-HD2-LYS-CD 0.111153 1.376612 29.080413 0.297226 -0.056771 -0.056771 0.559240
ILE-HD13-ILE-CD1 1.000000 0.678909 13.140091 0.083453 0.354980 0.354980 2.242151
ILE-HA-ILE-CA 0.056466 3.951687 63.345193 0.063083 -0.008470 -0.008470 0.251846
ILE-HA-ILE-CA 0.309559 4.532570 59.681008 0.307489 -0.247879 -0.247879 2.922968
ILE-HA-ILE-CA 0.025314 4.710153 56.303483 0.128107 0.142357 0.142357 1.231763
ILE-HA-ILE-CA 0.384990 4.453022 60.664658 0.261058 -0.468593 -0.468593 1.410257
ILE-HA-ILE-CA 0.223672 3.602989 65.276380 0.069299 -0.048481 -0.048481 0.881667
ARG-HB3-ARG-CB 0.144452 1.555498 31.823866 0.171623 0.230727 0.230727 7.378576
ARG-HB3-ARG-CB 0.046916 1.421550 30.474442 0.689267 0.110149 0.110149 0.496404
ARG-HB3-ARG-CB 0.379667 1.729360 30.015233 0.075067 -0.081153 -0.081153 2.981584
ARG-HB3-ARG-CB 0.157225 1.689056 33.518317 0.039351 -0.061479 -0.061479 0.969796
ARG-HB3-ARG-CB 0.271741 1.843841 30.389331 0.015217 -0.027343 -0.027343 0.525787
GLU-HA-GLU-CA 0.103878 3.953881 58.557539 0.288565 -0.030726 -0.030726 3.523592
GLU-HA-GLU-CA 0.177550 4.847931 54.688101 0.187689 -0.002666 -0.002666 0.642395
GLU-HA-GLU-CA 0.041495 4.922874 52.711476 0.300318 0.202016 0.202016 1.372780
GLU-HA-GLU-CA 0.336598 4.024202 59.337740 0.028916 -0.048275 -0.048275 0.578039
GLU-HA-GLU-CA 0.340479 4.241977 56.748142 0.064259 -0.185327 -0.185327 1.471101
GLN-HG3-GLN-CG 1.000000 2.285425 33.820122 0.095041 0.070445 0.070445 12.691446
ASN-HA-ASN-CA 0.265204 4.772921 52.802526 0.037011 -0.103481 -0.103481 1.040689
ASN-HA-ASN-CA 0.142778 4.984549 51.617349 0.103680 0.147464 0.147464 3.900831
ASN-HA-ASN-CA 0.210935 4.821162 52.417051 0.374504 -0.263532 -0.263532 1.705330
ASN-HA-ASN-CA 0.248430 4.434886 55.763883 0.045448 -0.081560 -0.081560 0.875961
ASN-HA-ASN-CA 0.132653 4.490710 53.839222 0.098116 -0.160332 -0.160332 0.493630
ALA-HA-ALA-CA 0.182501 4.218613 53.576377 0.017462 -0.147657 -0.147657 1.991956
ALA-HA-ALA-CA 0.076557 4.208116 52.058556 0.619111 -0.958270 -0.958270 11.270574
ALA-HA-ALA-CA 0.267302 4.244945 52.651034 0.143858 -0.269984 -0.269984 1.382517
ALA-HA-ALA-CA 0.182838 4.881901 50.532049 0.261851 -0.077793 -0.077793 0.900977
ALA-HA-ALA-CA 0.290801 4.031701 55.218882 0.044232 -0.020444 -0.020444 0.285072
ASN-HB3-ASN-CB 0.228418 2.879765 37.625191 0.039751 0.039557 0.039557 0.964440
ASN-HB3-ASN-CB 0.134520 2.748532 41.403997 0.086477 -0.315769 -0.315769 3.098134
ASN-HB3-ASN-CB 0.160726 2.553016 37.582025 0.375427 -0.035562 -0.035562 3.576321
ASN-HB3-ASN-CB 0.379794 2.761161 38.787086 0.019463 -0.022106 -0.022106 0.927678
ASN-HB3-ASN-CB 0.096542 2.449838 40.256946 0.364689 -0.312299 -0.312299 1.867338
LYS-HB3-LYS-CB 0.845706 1.785665 33.048766 0.033615 -0.073014 -0.073014 2.682430
LYS-HB3-LYS-CB 0.154294 1.413650 33.466195 0.431893 0.400912 0.400912 11.641781
LEU-HB2-LEU-CB 0.235027 1.605890 44.512074 0.069906 -0.045797 -0.045797 2.818467
LEU-HB2-LEU-CB 0.302243 1.782983 41.207625 0.098061 0.096454 0.096454 2.614895
LEU-HB2-LEU-CB 0.295447 1.678173 42.138703 0.043161 -0.036543 -0.036543 0.524218
LEU-HB2-LEU-CB 0.010434 0.535275 38.427535 0.637619 -2.350072 -2.350072 18.250867
LEU-HB2-LEU-CB 0.156850 1.239329 43.127163 0.172284 0.204696 0.204696 4.039917
LYS-HB2-LYS-CB 0.676340 1.840213 32.825236 0.025467 -0.053984 -0.053984 1.605372
LYS-HB2-LYS-CB 0.323660 1.654802 33.637522 0.167870 0.095561 0.095561 8.867669
HIS-HB3-HIS-CB 0.621080 2.913779 30.723412 0.155988 -0.246203 -0.246203 6.873339
HIS-HB3-HIS-CB 0.023225 3.039893 27.419137 0.845354 3.257170 3.257170 16.621924
HIS-HB3-HIS-CB 0.296759 3.153409 29.839602 0.015893 -0.038998 -0.038998 1.485462
HIS-HB3-HIS-CB 0.007353 8.598752 28.198988 1.087427 -4.966073 -4.966073 23.328468
HIS-HB3-HIS-CB 0.051583 1.883473 32.671852 0.767302 1.977478 1.977478 8.614491
ASN-HB2-ASN-CB 0.286186 2.820454 37.539478 0.102411 -0.076797 -0.076797 1.674544
ASN-HB2-ASN-CB 0.049824 2.170943 37.586765 0.603821 -0.227104 -0.227104 5.030153
ASN-HB2-ASN-CB 0.170801 2.857366 41.278691 0.121848 -0.190553 -0.190553 2.840321
ASN-HB2-ASN-CB 0.110886 2.944747 39.755424 0.257637 -0.457743 -0.457743 1.355988
ASN-HB2-ASN-CB 0.382302 2.858737 38.524348 0.017411 -0.026428 -0.026428 0.805692
GLN-HG2-GLN-CG 1.000000 2.312947 33.810439 0.092652 0.065529 0.065529 11.237548
LYS-HA-LYS-CA 0.122982 3.923014 58.422458 0.282056 0.034440 0.034440 2.777747
LYS-HA-LYS-CA 0.098830 4.479013 54.309362 0.166950 -0.020869 -0.020869 5.489745
LYS-HA-LYS-CA 0.479340 4.250034 56.616382 0.097436 -0.500972 -0.500972 3.658389
LYS-HA-LYS-CA 0.146191 4.944113 54.928029 0.201295 -0.122372 -0.122372 0.641309
LYS-HA-LYS-CA 0.152658 4.028903 59.544944 0.019224 -0.053614 -0.053614 0.519997
ARG-HB2-ARG-CB 0.151815 1.735569 33.415263 0.026490 -0.019734 -0.019734 0.987773
ARG-HB2-ARG-CB 0.301051 1.776213 29.799271 0.083724 -0.079520 -0.079520 2.440170
ARG-HB2-ARG-CB 0.176193 1.803400 31.565828 0.077229 0.002903 0.002903 7.701217
ARG-HB2-ARG-CB 0.300566 1.869513 30.324113 0.015852 -0.032826 -0.032826 0.529430
ARG-HB2-ARG-CB 0.070375 1.596065 31.018711 0.611430 0.044081 0.044081 2.052788
ILE-HG13-ILE-CG1 0.480741 1.229597 27.520058 0.102767 -0.019456 -0.019456 0.445471
ILE-HG13-ILE-CG1 0.046291 0.862895 25.206276 0.306343 0.185180 0.185180 26.955739
ILE-HG13-ILE-CG1 0.313831 1.229930 29.090945 0.222298 0.082912 0.082912 0.995374
ILE-HG13-ILE-CG1 0.028362 0.341450 25.649603 0.314788 -0.656807 -0.656807 1.563644
ILE-HG13-ILE-CG1 0.130775 1.062148 25.724499 0.114285 -0.066759 -0.066759 0.893710
LEU-HD13-LEU-CD1 0.665517 0.748847 25.165380 0.030596 0.018089 0.018089 0.172436
LEU-HD13-LEU-CD1 0.334483 0.620747 23.136147 0.031040 0.008980 0.008980 0.451443
LYS-HD3-LYS-CD 0.217323 1.575335 28.447175 0.033010 0.088976 0.088976 3.852518
LYS-HD3-LYS-CD 0.017570 1.085811 23.946541 0.040101 -0.041684 -0.041684 0.103650
LYS-HD3-LYS-CD 0.617733 1.646331 29.186630 0.008890 0.001842 0.001842 0.159644
LYS-HD3-LYS-CD 0.147374 1.316113 28.903177 0.260688 -0.056937 -0.056937 0.741156
THR-HB-THR-CB 0.040265 3.844506 68.675160 0.873923 0.502310 0.502310 24.197678
THR-HB-THR-CB 0.959735 4.167162 69.724441 0.102109 -0.004690 -0.004690 2.745973
ILE-HG23-ILE-CG2 1.000000 0.831909 17.571818 0.010285 0.064753 0.064753 1.344237
MET-HG3-MET-CG 1.000000 2.392027 32.003521 0.142061 0.059542 0.059542 2.176183
LYS-HE3-LYS-CE 0.604586 2.948657 42.049891 0.007802 0.010202 0.010202 0.076865
LYS-HE3-LYS-CE 0.018231 2.495296 36.982641 0.012604 0.006289 0.006289 0.027241
LYS-HE3-LYS-CE 0.181836 2.919619 41.029779 0.023406 0.025541 0.025541 1.442651
LYS-HE3-LYS-CE 0.031958 2.564982 41.968276 0.890946 1.247936 1.247936 6.382438
LYS-HE3-LYS-CE 0.163388 2.686954 42.064232 0.076632 0.098485 0.098485 0.350871
LYS-HG3-LYS-CG 0.418076 1.418028 24.897273 0.012701 0.015445 0.015445 0.171448
LYS-HG3-LYS-CG 0.282275 1.401447 24.470549 0.035246 0.082663 0.082663 2.255844
LYS-HG3-LYS-CG 0.013252 0.883510 19.575908 0.015629 0.014291 0.014291 0.084605
LYS-HG3-LYS-CG 0.222522 1.215383 25.030164 0.093611 0.041679 0.041679 0.496838
LYS-HG3-LYS-CG 0.063876 0.761710 25.049009 0.432095 0.826122 0.826122 5.931065
CYS-HA-CYS-CA 0.148986 4.897070 53.796957 0.454871 -0.647640 -0.647640 1.624954
CYS-HA-CYS-CA 0.549384 4.466178 58.659852 0.170296 -0.941917 -0.941917 11.108715
CYS-HA-CYS-CA 0.225810 5.227117 56.411822 0.219184 -0.193208 -0.193208 1.278178
CYS-HA-CYS-CA 0.030962 5.039346 50.798087 0.248683 -0.316488 -0.316488 1.023914
CYS-HA-CYS-CA 0.044858 4.126660 59.518587 1.260448 0.071153 0.071153 0.981367
GLY-HA3-GLY-CA 0.161059 3.636094 44.711334 0.797681 0.118086 0.118086 5.176250
GLY-HA3-GLY-CA 0.394722 3.904053 44.774685 0.150536 0.005605 0.005605 1.187731
GLY-HA3-GLY-CA 0.228351 3.864858 46.759304 0.048814 -0.056557 -0.056557 0.635170
GLY-HA3-GLY-CA 0.215868 3.829143 45.352488 0.058445 0.010234 0.010234 0.136316
PRO-HG3-PRO-CG 0.355704 1.771473 27.413606 0.129501 0.104421 0.104421 0.745171
PRO-HG3-PRO-CG 0.466042 2.029657 27.486680 0.011975 0.015914 0.015914 0.232437
PRO-HG3-PRO-CG 0.091140 1.287879 25.700633 0.423155 0.075015 0.075015 6.743600
PRO-HG3-PRO-CG 0.087114 1.941573 25.064925 0.017774 0.012277 0.012277 0.271182
LEU-HG-LEU-CG 0.165837 1.525266 26.836730 0.080675 -0.048467 -0.048467 6.825202
LEU-HG-LEU-CG 0.251568 1.350100 26.360155 0.181162 -0.023257 -0.023257 0.382060
LEU-HG-LEU-CG 0.464969 1.594910 27.103655 0.038776 0.003539 0.003539 0.252789
LEU-HG-LEU-CG 0.117626 1.044156 25.537156 0.319522 0.165499 0.165499 3.421009
ASP-HB3-ASP-CB 0.039047 2.244994 39.859861 0.551085 0.007693 0.007693 1.954544
ASP-HB3-ASP-CB 0.349124 2.592168 41.553597 0.080042 -0.102928 -0.102928 4.241910
ASP-HB3-ASP-CB 0.042370 2.877151 38.465968 0.221531 1.084456 1.084456 6.188588
ASP-HB3-ASP-CB 0.291936 2.641896 40.556598 0.010175 -0.022895 -0.022895 1.390165
ASP-HB3-ASP-CB 0.277523 2.754625 40.697432 0.053802 0.051024 0.051024 1.179562
PRO-HD3-PRO-CD 0.994929 3.556410 50.245270 0.270822 0.230172 0.230172 1.583795
PRO-HD3-PRO-CD 0.005071 3.718938 24.830879 0.124850 3.661932 3.661932 111.440270
TRP-HB2-TRP-CB 0.321369 3.128612 32.119055 0.150408 -0.082473 -0.082473 4.312503
TRP-HB2-TRP-CB 0.099133 2.854171 27.442092 0.307999 -0.464540 -0.464540 5.109249
TRP-HB2-TRP-CB 0.579498 3.273499 29.739226 0.077610 -0.048305 -0.048305 1.980708
PHE-HA-PHE-CA 0.109319 5.214445 55.763975 0.312506 0.042804 0.042804 0.305729
PHE-HA-PHE-CA 0.057782 4.071450 57.982397 0.865684 -0.562685 -0.562685 12.379975
PHE-HA-PHE-CA 0.281483 4.724449 57.496428 0.152765 -0.269566 -0.269566 1.085390
PHE-HA-PHE-CA 0.280516 4.123554 61.222447 0.118371 -0.205932 -0.205932 1.663345
PHE-HA-PHE-CA 0.270901 5.030737 55.772261 0.239510 -0.199432 -0.199432 3.283401
LEU-HD23-LEU-CD2 1.000000 0.721833 23.877167 0.078163 0.065244 0.065244 2.190887
PRO-HB2-PRO-CB 0.304285 1.971282 32.063186 0.031089 0.014668 0.014668 0.315018
PRO-HB2-PRO-CB 0.263844 2.205930 31.344346 0.074215 0.118312 0.118312 4.323646
PRO-HB2-PRO-CB 0.255547 2.343703 32.023494 0.013356 0.017547 0.017547 0.205233
PRO-HB2-PRO-CB 0.124442 1.560746 31.635889 0.323519 0.168095 0.168095 1.131625
PRO-HB2-PRO-CB 0.051881 1.794200 32.059256 0.415627 0.873157 0.873157 6.249348
ARG-HD3-ARG-CD 1.000000 3.056922 42.996691 0.098288 0.036578 0.036578 1.532435
THR-HG21-THR-CG2 0.711258 1.171545 21.723426 0.018912 0.022009 0.022009 0.348740
THR-HG21-THR-CG2 0.083703 1.132197 19.504114 0.026776 0.017266 0.017266 0.415025
THR-HG21-THR-CG2 0.192526 0.959751 21.982242 0.156965 0.244905 0.244905 4.612798
THR-HG21-THR-CG2 0.012513 0.845580 16.348678 0.091454 0.256767 0.256767 2.295149
ARG-HG3-ARG-CG 0.390660 1.373891 26.726157 0.197541 0.100585 0.100585 2.957935
ARG-HG3-ARG-CG 0.012599 1.798181 31.880916 0.043432 0.624833 0.624833 33.228394
ARG-HG3-ARG-CG 0.596741 1.571455 27.288971 0.017759 0.008661 0.008661 0.478200
ALA-HB3-ALA-CB 0.800763 1.369723 18.825375 0.014176 -0.017859 -0.017859 1.000805
ALA-HB3-ALA-CB 0.199237 1.384164 22.548707 0.002927 -0.037579 -0.037579 0.804283
CYS-HB2-CYS-CB 0.014967 3.073228 38.770091 4.600278 0.927593 0.927593 0.219229
CYS-HB2-CYS-CB 0.173771 2.569253 30.269655 0.774241 0.785542 0.785542 10.135606
CYS-HB2-CYS-CB 0.362125 2.921844 28.618542 0.081259 -0.083452 -0.083452 3.805785
CYS-HB2-CYS-CB 0.131313 3.062830 45.583315 0.316790 -0.260961 -0.260961 7.101115
CYS-HB2-CYS-CB 0.317824 3.050795 38.741465 0.102603 0.479430 0.479430 14.961384
TYR-HB2-TYR-CB 0.295736 2.870846 41.803763 0.079434 -0.098374 -0.098374 2.363613
TYR-HB2-TYR-CB 0.305119 3.004364 38.550094 0.055446 0.004562 0.004562 0.482346
TYR-HB2-TYR-CB 0.068755 2.887210 40.447897 0.113200 0.072584 0.072584 0.074802
TYR-HB2-TYR-CB 0.195319 2.622110 38.448881 0.396529 -0.137422 -0.137422 7.305586
TYR-HB2-TYR-CB 0.135071 3.217794 37.515994 0.093291 0.165202 0.165202 1.657380
TRP-HA-TRP-CA 0.035271 3.445215 60.808502 0.461839 0.123601 0.123601 14.707170
TRP-HA-TRP-CA 0.487652 4.512822 58.914131 0.127312 -0.516332 -0.516332 4.553285
TRP-HA-TRP-CA 0.477076 5.073958 55.788008 0.241251 -0.157555 -0.157555 3.055348
PHE-HB2-PHE-CB 0.091247 2.237080 40.258830 0.451366 0.143535 0.143535 5.107634
PHE-HB2-PHE-CB 0.173394 3.043823 41.282268 0.065358 0.039591 0.039591 0.612034
PHE-HB2-PHE-CB 0.197860 3.198954 37.846851 0.114507 0.283992 0.283992 3.726294
PHE-HB2-PHE-CB 0.353174 3.057248 39.312640 0.102376 -0.002823 -0.002823 0.715434
PHE-HB2-PHE-CB 0.184326 2.920213 43.006069 0.088787 0.032257 0.032257 1.300889
ILE-HD12-ILE-CD1 1.000000 0.678909 13.140091 0.083453 0.354980 0.354980 2.242151
MET-HB2-MET-CB 0.014131 1.951166 33.968689 2.430772 2.970510 2.970510 6.186545
MET-HB2-MET-CB 0.117033 1.899972 37.526014 0.066971 -0.006395 -0.006395 2.057396
MET-HB2-MET-CB 0.382165 2.100462 33.011658 0.011535 -0.020178 -0.020178 2.316564
MET-HB2-MET-CB 0.486671 2.019137 32.473299 0.133722 -0.070687 -0.070687 6.563386
HIS-HA-HIS-CA 0.438896 4.940306 55.096196 0.241045 -0.400937 -0.400937 2.180652
HIS-HA-HIS-CA 0.004304 7.753667 81.353333 0.021974 0.871401 0.871401 35.801502
HIS-HA-HIS-CA 0.478212 4.501805 57.101917 0.112191 -0.593931 -0.593931 6.034299
HIS-HA-HIS-CA 0.078588 4.089130 55.908852 0.911720 -0.021761 -0.021761 15.876672
VAL-HA-VAL-CA 0.352381 4.755870 59.722773 0.185527 -0.109669 -0.109669 1.903836
VAL-HA-VAL-CA 0.190257 3.557540 66.647063 0.063445 -0.119113 -0.119113 0.774798
VAL-HA-VAL-CA 0.048178 4.154603 61.198569 0.587093 -0.206482 -0.206482 15.887370
VAL-HA-VAL-CA 0.141734 3.729661 64.447097 0.207160 -0.348395 -0.348395 1.441080
VAL-HA-VAL-CA 0.267450 4.315480 61.672332 0.106393 -0.137924 -0.137924 0.774290
ILE-HG21-ILE-CG2 0.219709 0.888619 17.545957 0.010085 -0.007541 -0.007541 0.307651
ILE-HG21-ILE-CG2 0.130811 0.834616 16.569331 0.041374 0.217090 0.217090 6.395294
ILE-HG21-ILE-CG2 0.445629 0.787041 17.804179 0.039197 0.053572 0.053572 0.751346
ILE-HG21-ILE-CG2 0.007789 0.646530 26.120177 0.229640 0.365238 0.365238 4.587432
ILE-HG21-ILE-CG2 0.196063 0.513619 17.458156 0.223061 0.373162 0.373162 3.084587
PRO-HA-PRO-CA 0.263064 4.428986 63.258606 0.011584 -0.021580 -0.021580 0.781437
PRO-HA-PRO-CA 0.194733 4.253259 65.498145 0.065612 -0.021368 -0.021368 0.614505
PRO-HA-PRO-CA 0.217598 4.430933 62.863539 0.166054 -0.197812 -0.197812 0.666496
PRO-HA-PRO-CA 0.275098 4.523467 62.435745 0.174584 0.013383 0.013383 1.965249
PRO-HA-PRO-CA 0.049507 3.735412 61.962571 0.722042 -0.894304 -0.894304 7.676147
VAL-HG22-VAL-CG2 0.414706 0.439402 19.714636 0.098898 -0.297195 -0.297195 2.623161
VAL-HG22-VAL-CG2 0.585294 0.828776 21.324449 0.009687 -0.017877 -0.017877 0.590789
LEU-HD11-LEU-CD1 0.136164 0.860998 23.975301 0.007378 0.068690 0.068690 3.183869
LEU-HD11-LEU-CD1 0.357769 0.824798 25.458218 0.019310 -0.004984 -0.004984 0.730589
LEU-HD11-LEU-CD1 0.105907 0.265364 22.577937 0.282797 0.046766 0.046766 3.882765
LEU-HD11-LEU-CD1 0.174258 0.736031 23.403529 0.046542 0.007666 0.007666 0.989126
LEU-HD11-LEU-CD1 0.225903 0.600270 25.954994 0.154115 0.191785 0.191785 1.239613
GLU-HB3-GLU-CB 0.271141 1.936279 30.168360 0.020029 0.019760 0.019760 0.564612
GLU-HB3-GLU-CB 0.205768 2.117214 28.597169 0.038127 0.120077 0.120077 2.103903
GLU-HB3-GLU-CB 0.095407 1.796870 30.400558 0.311873 0.529181 0.529181 12.387027
GLU-HB3-GLU-CB 0.226765 1.911981 32.549720 0.036362 0.057950 0.057950 2.093728
GLU-HB3-GLU-CB 0.200919 2.054871 29.284652 0.010862 0.024740 0.024740 0.261182
LEU-HA-LEU-CA 0.236221 4.329494 55.193457 0.049510 -0.096621 -0.096621 0.755988
LEU-HA-LEU-CA 0.255268 3.999528 57.850226 0.034047 -0.014531 -0.014531 0.346764
LEU-HA-LEU-CA 0.148246 3.888021 56.854783 0.225203 -0.091539 -0.091539 3.432644
LEU-HA-LEU-CA 0.185048 4.829140 53.074813 0.198182 0.007397 0.007397 2.932256
LEU-HA-LEU-CA 0.175217 4.924649 53.386721 0.151364 -0.006597 -0.006597 0.291191
THR-HG23-THR-CG2 1.000000 1.163000 20.929778 0.011248 -0.024592 -0.024592 1.487381
GLN-HB3-GLN-CB 0.289057 2.100739 28.604508 0.016094 -0.020684 -0.020684 0.469886
GLN-HB3-GLN-CB 0.182868 1.901493 28.113693 0.187476 0.043274 0.043274 2.604086
GLN-HB3-GLN-CB 0.019765 1.750314 30.530396 2.651025 2.842215 2.842215 10.692757
GLN-HB3-GLN-CB 0.508310 1.988878 30.064205 0.054940 -0.127973 -0.127973 5.433806
SER-HB2-SER-CB 1.000000 3.874490 63.805259 0.086444 0.040862 0.040862 4.042263
TYR-HA-TYR-CA 0.118879 4.525019 58.270443 0.783826 -1.160030 -1.160030 2.877458
TYR-HA-TYR-CA 0.405115 4.988000 56.734650 0.263515 -0.295647 -0.295647 1.649762
TYR-HA-TYR-CA 0.254555 4.183890 60.811870 0.079770 -0.324397 -0.324397 2.633027
TYR-HA-TYR-CA 0.191175 4.728978 57.267403 0.143336 -0.673494 -0.673494 9.608104
TYR-HA-TYR-CA 0.030277 4.275824 54.458589 1.506594 -1.289513 -1.289513 3.024214
ILE-HB-ILE-CB 0.053416 1.585801 40.154178 0.490151 -0.218442 -0.218442 1.829357
ILE-HB-ILE-CB 0.039488 1.645450 37.027726 0.277391 0.035684 0.035684 8.551252
ILE-HB-ILE-CB 0.184639 1.736614 36.632295 0.173042 -0.311373 -0.311373 1.941429
ILE-HB-ILE-CB 0.343355 1.699511 40.829650 0.054014 -0.051188 -0.051188 2.086195
ILE-HB-ILE-CB 0.379103 1.875112 38.248001 0.045887 -0.049154 -0.049154 0.620355
GLU-HG2-GLU-CG 0.209851 2.267358 36.274556 0.013313 0.006982 0.006982 0.102706
GLU-HG2-GLU-CG 0.067717 2.210378 34.788567 0.244237 0.217403 0.217403 7.203238
GLU-HG2-GLU-CG 0.311677 2.279093 36.638650 0.088443 0.129386 0.129386 1.019988
GLU-HG2-GLU-CG 0.208718 2.307352 36.401812 0.012530 -0.006073 -0.006073 0.318574
GLU-HG2-GLU-CG 0.202037 2.297165 34.921336 0.028237 -0.060219 -0.060219 1.781284
LEU-HD21-LEU-CD2 0.255336 0.825146 25.533721 0.022148 0.017293 0.017293 1.344840
LEU-HD21-LEU-CD2 0.161697 0.558824 23.327109 0.036666 -0.113445 -0.113445 4.172811
LEU-HD21-LEU-CD2 0.365608 0.827756 23.429012 0.015391 0.007957 0.007957 0.893744
LEU-HD21-LEU-CD2 0.160357 0.230171 23.151170 0.309185 0.436927 0.436927 4.845348
LEU-HD21-LEU-CD2 0.057002 0.422685 25.727931 0.141226 0.030503 0.030503 0.314776
VAL-HG12-VAL-CG1 0.712409 0.821719 20.586426 0.065854 0.219538 0.219538 1.444386
VAL-HG12-VAL-CG1 0.287591 0.873985 22.954978 0.014760 0.027406 0.027406 0.164796
MET-HA-MET-CA 0.226055 4.927439 53.796283 0.339323 -0.032243 -0.032243 1.084890
MET-HA-MET-CA 0.238266 3.972377 59.112752 0.075298 -0.078575 -0.078575 1.353144
MET-HA-MET-CA 0.215082 4.360517 56.706654 0.049944 -0.082728 -0.082728 0.754862
MET-HA-MET-CA 0.049489 5.031612 53.265217 0.372240 0.559826 0.559826 8.231806
MET-HA-MET-CA 0.271108 4.525108 54.873335 0.210057 -0.272492 -0.272492 0.693398
LEU-HD22-LEU-CD2 1.000000 0.721833 23.877167 0.078163 0.065244 0.065244 2.190887
MET-HE1-MET-CE 0.320474 1.498523 16.942166 0.267967 0.128668 0.128668 3.051383
MET-HE1-MET-CE 0.011594 1.615000 35.475000 0.417125 0.966875 0.966875 4.386877
MET-HE1-MET-CE 0.659238 1.974264 17.099840 0.024720 -0.002347 -0.002347 0.511194
MET-HE1-MET-CE 0.008694 1.714089 26.052846 0.769410 1.137747 1.137747 1.776607
GLN-HA-GLN-CA 0.119614 5.013210 53.571344 0.288285 0.174179 0.174179 2.705698
GLN-HA-GLN-CA 0.320066 4.462146 54.891055 0.126265 -0.253463 -0.253463 1.787610
GLN-HA-GLN-CA 0.136872 4.300322 56.218162 0.026068 -0.108567 -0.108567 0.740910
GLN-HA-GLN-CA 0.130788 3.853516 58.329138 0.304510 0.075766 0.075766 2.666532
GLN-HA-GLN-CA 0.292660 4.026210 58.699257 0.031407 -0.035673 -0.035673 0.600614
LYS-HE2-LYS-CE 0.285244 2.779424 41.412951 0.137307 0.112701 0.112701 2.571689
LYS-HE2-LYS-CE 0.701454 2.948531 42.061595 0.008994 0.010722 0.010722 0.092459
LYS-HE2-LYS-CE 0.013302 2.543002 37.000122 0.004330 0.001321 0.001321 0.022152
GLU-HG3-GLU-CG 0.287903 2.259618 35.304352 0.034359 -0.044413 -0.044413 2.367284
GLU-HG3-GLU-CG 0.037928 1.761585 33.920199 0.299701 -0.329167 -0.329167 7.838750
GLU-HG3-GLU-CG 0.235288 2.196027 36.725606 0.093480 0.141971 0.141971 1.023432
GLU-HG3-GLU-CG 0.149250 2.277764 36.530081 0.005673 -0.018023 -0.018023 0.258414
GLU-HG3-GLU-CG 0.289631 2.243834 36.232020 0.023058 0.018798 0.018798 0.151692
PRO-HD2-PRO-CD 0.617183 3.764828 50.676650 0.041281 0.044033 0.044033 0.321354
PRO-HD2-PRO-CD 0.003659 3.799999 19.353358 0.027267 -0.887618 -0.887618 29.132958
PRO-HD2-PRO-CD 0.072497 2.865020 48.468005 0.605192 -0.387633 -0.387633 8.553508
PRO-HD2-PRO-CD 0.306661 3.616792 49.825051 0.146564 0.058085 0.058085 1.442144
LEU-HB3-LEU-CB 0.026981 0.243820 39.983384 0.609147 -0.896073 -0.896073 5.787831
LEU-HB3-LEU-CB 0.357675 1.378525 41.691762 0.168194 -0.098548 -0.098548 3.534109
LEU-HB3-LEU-CB 0.249714 1.465566 44.767928 0.080294 -0.037451 -0.037451 2.504516
LEU-HB3-LEU-CB 0.365630 1.587131 42.071708 0.056618 -0.032736 -0.032736 0.675460
GLU-HB2-GLU-CB 0.117894 2.051811 27.598315 0.051910 -0.038888 -0.038888 1.091904
GLU-HB2-GLU-CB 0.077001 1.920438 30.633926 0.316409 0.658957 0.658957 13.756731
GLU-HB2-GLU-CB 0.209770 1.968394 32.616945 0.031540 -0.011251 -0.011251 1.738000
GLU-HB2-GLU-CB 0.154590 2.070463 29.156047 0.006633 0.003800 0.003800 0.210267
GLU-HB2-GLU-CB 0.440745 2.050743 29.993964 0.040860 -0.002641 -0.002641 0.663151
GLY-HA2-GLY-CA 0.325332 4.066781 44.783678 0.196021 -0.069811 -0.069811 0.940063
GLY-HA2-GLY-CA 0.256293 3.963435 46.454847 0.038069 -0.057886 -0.057886 0.753755
GLY-HA2-GLY-CA 0.036250 3.683934 44.675264 1.766864 0.606529 0.606529 4.736782
GLY-HA2-GLY-CA 0.164317 4.002418 45.338481 0.076004 -0.018079 -0.018079 0.087150
GLY-HA2-GLY-CA 0.217808 3.965616 44.965090 0.194322 0.030577 0.030577 4.423649
PRO-HG2-PRO-CG 0.053011 1.141612 26.022058 0.543766 -0.010560 -0.010560 2.091708
PRO-HG2-PRO-CG 0.420925 2.037657 27.549422 0.011788 0.011566 0.011566 0.227708
PRO-HG2-PRO-CG 0.264711 1.985012 26.265923 0.051933 0.223500 0.223500 3.381162
PRO-HG2-PRO-CG 0.163397 1.878903 27.244408 0.094624 0.068295 0.068295 0.161271
PRO-HG2-PRO-CG 0.097956 1.685502 27.830902 0.171853 0.061450 0.061450 0.405500
ILE-HG22-ILE-CG2 1.000000 0.831909 17.571818 0.010285 0.064753 0.064753 1.344237
VAL-HG21-VAL-CG2 0.343231 0.896553 22.299311 0.037626 0.091498 0.091498 1.377497
VAL-HG21-VAL-CG2 0.122670 0.797473 19.048256 0.027014 0.093002 0.093002 1.708187
VAL-HG21-VAL-CG2 0.201822 0.592365 21.030048 0.116376 -0.075002 -0.075002 1.266744
VAL-HG21-VAL-CG2 0.105074 0.450435 20.441287 0.377055 0.666265 0.666265 7.028932
VAL-HG21-VAL-CG2 0.227202 0.885717 21.142548 0.011345 0.013858 0.013858 0.385922
ILE-HD11-ILE-CD1 0.299445 0.640495 13.010089 0.054191 0.128108 0.128108 5.010756
ILE-HD11-ILE-CD1 0.463238 0.799968 13.689572 0.013121 0.004754 0.004754 1.059730
ILE-HD11-ILE-CD1 0.004121 0.767333 47.920000 0.009390 -0.033180 -0.033180 0.445467
ILE-HD11-ILE-CD1 0.213072 0.334525 13.647854 0.246901 0.341208 0.341208 1.374689
ILE-HD11-ILE-CD1 0.020125 0.077060 14.178196 0.306640 2.617215 2.617215 35.480804
LEU-HD12-LEU-CD1 0.665517 0.748847 25.165380 0.030596 0.018089 0.018089 0.172436
LEU-HD12-LEU-CD1 0.334483 0.620747 23.136147 0.031040 0.008980 0.008980 0.451443
HIS-HB2-HIS-CB 0.052301 3.344473 29.876102 7.258384 -1.553840 -1.553840 15.101533
HIS-HB2-HIS-CB 0.284256 2.696916 31.862932 0.134545 0.350678 0.350678 8.602577
HIS-HB2-HIS-CB 0.663443 3.231670 29.918424 0.049738 -0.061940 -0.061940 3.488654
ASP-HA-ASP-CA 0.437379 4.653256 53.705310 0.065880 -0.199394 -0.199394 2.300399
ASP-HA-ASP-CA 0.218059 4.405145 57.110296 0.022216 0.011362 0.011362 0.699970
ASP-HA-ASP-CA 0.093772 4.475716 53.431091 0.323529 -0.156565 -0.156565 7.482246
ASP-HA-ASP-CA 0.172609 4.820390 54.806614 0.229575 -0.651983 -0.651983 3.674952
ASP-HA-ASP-CA 0.078180 4.598288 53.655969 0.004053 -0.014798 -0.014798 1.851429
SER-HA-SER-CA 0.159627 5.090357 57.174708 0.245029 -0.143479 -0.143479 0.878069
SER-HA-SER-CA 0.366908 4.525391 57.898208 0.077571 -0.241784 -0.241784 2.692734
SER-HA-SER-CA 0.162255 4.394518 58.128252 0.420152 -0.385999 -0.385999 9.968671
SER-HA-SER-CA 0.225773 4.218286 61.519268 0.038101 -0.035618 -0.035618 0.708058
SER-HA-SER-CA 0.085437 4.433691 58.641860 0.006034 -0.027749 -0.027749 0.355519
PHE-HB3-PHE-CB 0.197654 3.045992 37.991874 0.105681 -0.017148 -0.017148 1.712293
PHE-HB3-PHE-CB 0.138695 3.084913 39.905622 0.019417 -0.031955 -0.031955 0.852335
PHE-HB3-PHE-CB 0.153001 2.929486 39.245603 0.170398 -0.048073 -0.048073 0.379758
PHE-HB3-PHE-CB 0.431964 2.850840 41.859663 0.128027 -0.006419 -0.006419 2.322104
PHE-HB3-PHE-CB 0.078687 2.192937 38.162365 0.339438 -0.609837 -0.609837 9.047988
CYS-HB3-CYS-CB 0.495069 2.835586 29.373871 0.159084 0.302936 0.302936 6.520509
CYS-HB3-CYS-CB 0.053439 1.598688 28.503347 1.146498 1.734356 1.734356 10.129560
CYS-HB3-CYS-CB 0.032008 2.343931 48.159243 0.305171 0.603403 0.603403 2.953273
CYS-HB3-CYS-CB 0.015214 2.912060 38.455296 4.895196 1.266246 1.266246 0.330526
CYS-HB3-CYS-CB 0.404271 2.860966 40.681471 0.164686 0.477128 0.477128 16.972868
ALA-HB1-ALA-CB 0.391857 1.360441 18.641750 0.024863 -0.014871 -0.014871 2.599900
ALA-HB1-ALA-CB 0.133292 1.254117 22.894193 0.067951 -0.013249 -0.013249 1.526347
ALA-HB1-ALA-CB 0.236913 1.438608 18.493752 0.010004 -0.020347 -0.020347 0.491516
ALA-HB1-ALA-CB 0.136775 1.036570 18.433201 0.318159 0.223820 0.223820 4.526432
ALA-HB1-ALA-CB 0.101163 1.590977 18.714893 0.025302 0.019700 0.019700 0.620303
TYR-HB3-TYR-CB 0.212882 2.738661 42.331089 0.064916 -0.026964 -0.026964 1.884291
TYR-HB3-TYR-CB 0.372543 2.948569 38.326878 0.069633 0.023326 0.023326 0.474807
TYR-HB3-TYR-CB 0.176914 2.415867 38.333765 0.447578 -0.366604 -0.366604 7.535539
TYR-HB3-TYR-CB 0.045758 2.964182 36.193262 0.117260 0.082139 0.082139 0.211675
TYR-HB3-TYR-CB 0.191903 2.846796 40.286514 0.078687 0.072788 0.072788 0.512733
THR-HA-THR-CA 0.136555 4.566109 62.235260 0.143978 0.051611 0.051611 0.491116
THR-HA-THR-CA 0.304331 4.962772 60.266465 0.198138 -0.107259 -0.107259 1.844408
THR-HA-THR-CA 0.191658 3.929056 66.428508 0.063825 0.005278 0.005278 1.797874
THR-HA-THR-CA 0.095167 4.355856 61.719646 0.331204 -0.507793 -0.507793 13.942937
THR-HA-THR-CA 0.272290 4.410025 61.502890 0.046504 -0.279928 -0.279928 2.896258
ARG-HD2-ARG-CD 1.000000 3.094833 42.998887 0.062319 0.013942 0.013942 1.459222
ALA-HB2-ALA-CB 0.800763 1.369723 18.825375 0.014176 -0.017859 -0.017859 1.000805
ALA-HB2-ALA-CB 0.199237 1.384164 22.548707 0.002927 -0.037579 -0.037579 0.804283
ARG-HG2-ARG-CG 0.538750 1.614918 27.255553 0.020908 0.025439 0.025439 0.363890
ARG-HG2-ARG-CG 0.263541 1.399332 26.903765 0.189794 0.034940 0.034940 1.961005
ARG-HG2-ARG-CG 0.197709 1.610126 26.960284 0.044356 0.246598 0.246598 7.388103
VAL-HG11-VAL-CG1 1.000000 0.816559 21.552575 0.084479 0.131837 0.131837 6.885150
SER-HB3-SER-CB 0.860350 3.865381 63.864185 0.039386 -0.048328 -0.048328 2.050820
SER-HB3-SER-CB 0.139650 3.462038 63.781881 0.402802 0.550568 0.550568 12.786264
