TRP-HB3-TRP-CB 0.257193 2.963986 30.169271 0.111320 0.226487 0.226487 9.486724
TRP-HB3-TRP-CB 0.460669 3.237372 29.668856 0.071466 -0.060036 -0.060036 1.817710
TRP-HB3-TRP-CB 0.282139 2.860695 31.356516 0.332467 0.065330 0.065330 4.290565
VAL-HB-VAL-CB 0.180591 2.124624 31.501390 0.089382 0.002002 0.002002 0.175107
VAL-HB-VAL-CB 0.257694 1.869408 34.935027 0.050030 0.029921 0.029921 1.134732
VAL-HB-VAL-CB 0.260000 2.073221 32.114762 0.059203 -0.021872 -0.021872 2.962255
VAL-HB-VAL-CB 0.136871 1.685449 32.557290 0.338409 0.127730 0.127730 6.572502
VAL-HB-VAL-CB 0.164844 2.029521 32.591652 0.022235 -0.047458 -0.047458 0.492490
ARG-HA-ARG-CA 0.188856 3.936696 58.270266 0.218730 -0.137306 -0.137306 2.051404
ARG-HA-ARG-CA 0.048345 4.409959 54.802542 0.746038 -0.135832 -0.135832 0.469307
ARG-HA-ARG-CA 0.327341 4.364643 56.007645 0.067552 -0.225321 -0.225321 1.663004
ARG-HA-ARG-CA 0.237502 4.883998 53.926987 0.207067 0.060391 0.060391 1.503571
ARG-HA-ARG-CA 0.197956 3.967173 59.416253 0.027862 -0.057614 -0.057614 0.770769
VAL-HG13-VAL-CG1 0.712409 0.821719 20.586426 0.065854 0.219538 0.219538 1.444386
VAL-HG13-VAL-CG1 0.287591 0.873985 22.954978 0.014760 0.027406 0.027406 0.164796
ILE-HD11-ILE-CD1 0.656206 0.772142 13.731757 0.022466 0.012091 0.012091 1.330744
ILE-HD11-ILE-CD1 0.004121 0.767333 47.920000 0.009390 -0.033180 -0.033180 0.445467
ILE-HD11-ILE-CD1 0.320433 0.366182 12.884403 0.203017 0.152200 0.152200 4.194203
ILE-HD11-ILE-CD1 0.019240 0.580868 15.134356 0.200240 1.748992 1.748992 35.106859
MET-HB3-MET-CB 0.119386 1.881436 37.639106 0.075721 0.122440 0.122440 2.285156
MET-HB3-MET-CB 0.020118 1.064776 28.850323 1.066884 -1.146293 -1.146293 1.826792
MET-HB3-MET-CB 0.332878 2.110389 32.990300 0.028149 -0.039703 -0.039703 1.544561
MET-HB3-MET-CB 0.448039 1.989470 32.239559 0.107224 -0.063496 -0.063496 5.319511
MET-HB3-MET-CB 0.079579 1.801023 34.888561 0.451012 0.097148 0.097148 2.243848
ASP-HB2-ASP-CB 0.239626 2.770361 39.933973 0.046938 0.022777 0.022777 0.436998
ASP-HB2-ASP-CB 0.440724 2.807893 41.598711 0.133056 -0.072016 -0.072016 3.470033
ASP-HB2-ASP-CB 0.019898 2.187998 37.041020 0.268276 -0.759384 -0.759384 5.381358
ASP-HB2-ASP-CB 0.045790 2.794488 38.129514 0.018999 0.017321 0.017321 0.236133
ASP-HB2-ASP-CB 0.253962 2.691226 41.074682 0.015926 -0.009119 -0.009119 0.500688
PRO-HG2-PRO-CG 0.413333 2.034904 27.507489 0.011876 0.013031 0.013031 0.190288
PRO-HG2-PRO-CG 0.270327 1.864076 27.500815 0.094183 0.069486 0.069486 0.458207
PRO-HG2-PRO-CG 0.230287 1.998449 26.097318 0.049791 0.250669 0.250669 3.350665
PRO-HG2-PRO-CG 0.086054 1.284860 26.641660 0.468164 0.152782 0.152782 2.539651
LYS-HD2-LYS-CD 0.726008 1.646406 29.194855 0.010737 0.005666 0.005666 0.218813
LYS-HD2-LYS-CD 0.078056 1.550408 26.200159 0.063975 0.333497 0.333497 2.552803
LYS-HD2-LYS-CD 0.195936 1.416945 29.028452 0.208120 0.110390 0.110390 3.409315
PRO-HB3-PRO-CB 0.238803 2.005070 31.023699 0.069884 0.199123 0.199123 4.012259
PRO-HB3-PRO-CB 0.070871 1.725895 33.145446 0.262137 0.622141 0.622141 3.735024
PRO-HB3-PRO-CB 0.060641 1.086257 30.876552 0.675360 -0.014679 -0.014679 1.807027
PRO-HB3-PRO-CB 0.629685 2.055522 32.056111 0.080373 0.013878 0.013878 0.285539
THR-HG22-THR-CG2 1.000000 1.163000 20.929778 0.011248 -0.024592 -0.024592 1.487381
VAL-HG23-VAL-CG2 0.585294 0.828776 21.324449 0.009687 -0.017877 -0.017877 0.590789
VAL-HG23-VAL-CG2 0.414706 0.439402 19.714636 0.098898 -0.297195 -0.297195 2.623161
MET-HG2-MET-CG 1.000000 2.419766 32.014614 0.143355 0.048491 0.048491 2.200872
LYS-HG2-LYS-CG 0.301188 1.194395 24.442164 0.186787 0.216109 0.216109 4.974931
LYS-HG2-LYS-CG 0.698812 1.421481 24.932578 0.020471 0.022269 0.022269 0.314891
GLN-HB2-GLN-CB 0.152375 2.239941 29.394516 0.046205 -0.041251 -0.041251 0.957186
GLN-HB2-GLN-CB 0.078676 1.824910 30.134001 0.507846 0.664257 0.664257 9.075334
GLN-HB2-GLN-CB 0.380353 2.114592 28.513573 0.015259 -0.036893 -0.036893 0.706085
GLN-HB2-GLN-CB 0.143441 1.955108 26.987695 0.083829 -0.187886 -0.187886 1.790588
GLN-HB2-GLN-CB 0.245155 1.985418 31.406220 0.036218 0.035859 0.035859 2.934484
MET-HE1-MET-CE 0.244095 2.064871 16.965557 0.003031 0.003040 0.003040 0.115564
MET-HE1-MET-CE 0.008694 1.714122 26.052893 0.769428 1.137777 1.137777 1.776654
MET-HE1-MET-CE 0.011594 1.615000 35.475000 0.417125 0.966875 0.966875 4.386877
MET-HE1-MET-CE 0.179699 1.297066 16.539817 0.331305 0.018164 0.018164 3.438534
MET-HE1-MET-CE 0.555918 1.879128 17.248939 0.044945 0.004359 0.004359 1.085872
ILE-HD13-ILE-CD1 1.000000 0.678909 13.140091 0.083453 0.354980 0.354980 2.242151
ILE-HA-ILE-CA 0.025314 4.710153 56.303483 0.128107 0.142357 0.142357 1.231763
ILE-HA-ILE-CA 0.056466 3.951687 63.345193 0.063083 -0.008470 -0.008470 0.251846
ILE-HA-ILE-CA 0.223672 3.602989 65.276380 0.069299 -0.048481 -0.048481 0.881667
ILE-HA-ILE-CA 0.384990 4.453022 60.664658 0.261058 -0.468593 -0.468593 1.410257
ILE-HA-ILE-CA 0.309559 4.532570 59.681008 0.307489 -0.247879 -0.247879 2.922968
ARG-HB3-ARG-CB 0.144452 1.555498 31.823866 0.171623 0.230727 0.230727 7.378576
ARG-HB3-ARG-CB 0.046916 1.421550 30.474442 0.689267 0.110149 0.110149 0.496404
ARG-HB3-ARG-CB 0.379667 1.729360 30.015233 0.075067 -0.081153 -0.081153 2.981584
ARG-HB3-ARG-CB 0.157225 1.689056 33.518317 0.039351 -0.061479 -0.061479 0.969796
ARG-HB3-ARG-CB 0.271741 1.843841 30.389331 0.015217 -0.027343 -0.027343 0.525787
GLU-HA-GLU-CA 0.103878 3.953881 58.557539 0.288565 -0.030726 -0.030726 3.523592
GLU-HA-GLU-CA 0.336598 4.024202 59.337740 0.028916 -0.048275 -0.048275 0.578039
GLU-HA-GLU-CA 0.177550 4.847931 54.688101 0.187689 -0.002666 -0.002666 0.642395
GLU-HA-GLU-CA 0.340479 4.241977 56.748142 0.064259 -0.185327 -0.185327 1.471101
GLU-HA-GLU-CA 0.041495 4.922874 52.711476 0.300318 0.202016 0.202016 1.372780
GLY-HA2-GLY-CA 0.286269 4.008619 46.080328 0.032681 -0.078447 -0.078447 1.073991
GLY-HA2-GLY-CA 0.096026 3.899867 44.453374 0.926065 0.360831 0.360831 6.473751
GLY-HA2-GLY-CA 0.617705 4.001543 45.132684 0.159942 -0.075003 -0.075003 1.499709
GLN-HG3-GLN-CG 1.000000 2.285425 33.820122 0.095041 0.070445 0.070445 12.691446
ASN-HA-ASN-CA 0.265204 4.772921 52.802526 0.037011 -0.103481 -0.103481 1.040689
ASN-HA-ASN-CA 0.142778 4.984549 51.617349 0.103680 0.147464 0.147464 3.900831
ASN-HA-ASN-CA 0.248430 4.434886 55.763883 0.045448 -0.081560 -0.081560 0.875961
ASN-HA-ASN-CA 0.210935 4.821162 52.417051 0.374504 -0.263532 -0.263532 1.705330
ASN-HA-ASN-CA 0.132653 4.490710 53.839222 0.098116 -0.160332 -0.160332 0.493630
ALA-HA-ALA-CA 0.076557 4.208116 52.058556 0.619111 -0.958270 -0.958270 11.270574
ALA-HA-ALA-CA 0.182501 4.218613 53.576377 0.017462 -0.147657 -0.147657 1.991956
ALA-HA-ALA-CA 0.182838 4.881901 50.532049 0.261851 -0.077793 -0.077793 0.900977
ALA-HA-ALA-CA 0.290801 4.031701 55.218882 0.044232 -0.020444 -0.020444 0.285072
ALA-HA-ALA-CA 0.267302 4.244945 52.651034 0.143858 -0.269984 -0.269984 1.382517
GLU-HB2-GLU-CB 0.230238 2.064050 29.937511 0.034190 -0.013900 -0.013900 0.364819
GLU-HB2-GLU-CB 0.059122 1.877504 29.035198 0.374247 0.345949 0.345949 6.083781
GLU-HB2-GLU-CB 0.567016 2.016696 30.668304 0.044975 -0.041709 -0.041709 5.722513
GLU-HB2-GLU-CB 0.143624 2.067106 29.122638 0.006361 0.003115 0.003115 0.187168
ASN-HB3-ASN-CB 0.180724 2.529982 38.110715 0.406345 -0.037038 -0.037038 4.567992
ASN-HB3-ASN-CB 0.154120 2.741904 41.249853 0.091035 -0.299794 -0.299794 3.074662
ASN-HB3-ASN-CB 0.185192 2.899540 37.584015 0.046211 0.074714 0.074714 1.060626
ASN-HB3-ASN-CB 0.065743 2.414346 39.254402 0.279532 -0.735422 -0.735422 2.685698
ASN-HB3-ASN-CB 0.414221 2.770345 38.713688 0.018352 -0.022363 -0.022363 1.065986
LEU-HB3-LEU-CB 0.033890 0.391051 39.957881 0.622563 -0.805911 -0.805911 5.477968
LEU-HB3-LEU-CB 0.389207 1.591322 42.089309 0.061145 -0.035932 -0.035932 0.590402
LEU-HB3-LEU-CB 0.113915 1.567519 43.977831 0.084404 0.021341 0.021341 0.724870
LEU-HB3-LEU-CB 0.171136 1.374985 45.420127 0.086079 0.052230 0.052230 1.895710
LEU-HB3-LEU-CB 0.291851 1.368633 41.234489 0.157184 -0.143585 -0.143585 2.624676
LEU-HB2-LEU-CB 0.156850 1.239329 43.127163 0.172284 0.204696 0.204696 4.039917
LEU-HB2-LEU-CB 0.010434 0.535275 38.427535 0.637619 -2.350072 -2.350072 18.250867
LEU-HB2-LEU-CB 0.302243 1.782983 41.207625 0.098061 0.096454 0.096454 2.614895
LEU-HB2-LEU-CB 0.295447 1.678173 42.138703 0.043161 -0.036543 -0.036543 0.524218
LEU-HB2-LEU-CB 0.235027 1.605890 44.512074 0.069906 -0.045797 -0.045797 2.818467
LYS-HB2-LYS-CB 0.676340 1.840213 32.825236 0.025467 -0.053984 -0.053984 1.605372
LYS-HB2-LYS-CB 0.323660 1.654802 33.637522 0.167870 0.095561 0.095561 8.867669
ASN-HB2-ASN-CB 0.286186 2.820454 37.539478 0.102411 -0.076797 -0.076797 1.674544
ASN-HB2-ASN-CB 0.170801 2.857366 41.278691 0.121848 -0.190553 -0.190553 2.840321
ASN-HB2-ASN-CB 0.110886 2.944747 39.755424 0.257637 -0.457743 -0.457743 1.355988
ASN-HB2-ASN-CB 0.049824 2.170943 37.586765 0.603821 -0.227104 -0.227104 5.030153
ASN-HB2-ASN-CB 0.382302 2.858737 38.524348 0.017411 -0.026428 -0.026428 0.805692
GLN-HG2-GLN-CG 1.000000 2.312947 33.810439 0.092652 0.065529 0.065529 11.237548
LYS-HA-LYS-CA 0.122982 3.923014 58.422458 0.282056 0.034440 0.034440 2.777747
LYS-HA-LYS-CA 0.146191 4.944113 54.928029 0.201295 -0.122372 -0.122372 0.641309
LYS-HA-LYS-CA 0.098830 4.479013 54.309362 0.166950 -0.020869 -0.020869 5.489745
LYS-HA-LYS-CA 0.152658 4.028903 59.544944 0.019224 -0.053614 -0.053614 0.519997
LYS-HA-LYS-CA 0.479340 4.250034 56.616382 0.097436 -0.500972 -0.500972 3.658389
ARG-HB2-ARG-CB 0.300566 1.869513 30.324113 0.015852 -0.032826 -0.032826 0.529430
ARG-HB2-ARG-CB 0.176193 1.803400 31.565828 0.077229 0.002903 0.002903 7.701217
ARG-HB2-ARG-CB 0.070375 1.596065 31.018711 0.611430 0.044081 0.044081 2.052788
ARG-HB2-ARG-CB 0.151815 1.735569 33.415263 0.026490 -0.019734 -0.019734 0.987773
ARG-HB2-ARG-CB 0.301051 1.776213 29.799271 0.083724 -0.079520 -0.079520 2.440170
LEU-HD13-LEU-CD1 0.334483 0.620747 23.136147 0.031040 0.008980 0.008980 0.451443
LEU-HD13-LEU-CD1 0.665517 0.748847 25.165380 0.030596 0.018089 0.018089 0.172436
LYS-HD3-LYS-CD 0.217323 1.575335 28.447175 0.033010 0.088976 0.088976 3.852518
LYS-HD3-LYS-CD 0.617733 1.646331 29.186630 0.008890 0.001842 0.001842 0.159644
LYS-HD3-LYS-CD 0.017570 1.085811 23.946541 0.040101 -0.041684 -0.041684 0.103650
LYS-HD3-LYS-CD 0.147374 1.316113 28.903177 0.260688 -0.056937 -0.056937 0.741156
THR-HB-THR-CB 0.040265 3.844506 68.675160 0.873923 0.502310 0.502310 24.197678
THR-HB-THR-CB 0.959735 4.167162 69.724441 0.102109 -0.004690 -0.004690 2.745973
ILE-HG23-ILE-CG2 1.000000 0.831909 17.571818 0.010285 0.064753 0.064753 1.344237
GLN-HB3-GLN-CB 0.478715 1.989773 30.139885 0.052391 -0.130005 -0.130005 5.423434
GLN-HB3-GLN-CB 0.021477 1.738023 30.404369 2.501559 2.738280 2.738280 10.764333
GLN-HB3-GLN-CB 0.215785 1.915948 28.208450 0.166688 0.018569 0.018569 2.811315
GLN-HB3-GLN-CB 0.147860 2.051191 29.094519 0.010044 -0.003130 -0.003130 0.238325
GLN-HB3-GLN-CB 0.136162 2.158689 28.087737 0.015696 0.014280 0.014280 0.093293
MET-HG3-MET-CG 1.000000 2.392027 32.003521 0.142061 0.059542 0.059542 2.176183
LYS-HE3-LYS-CE 0.031958 2.564982 41.968276 0.890946 1.247936 1.247936 6.382438
LYS-HE3-LYS-CE 0.163388 2.686954 42.064232 0.076632 0.098485 0.098485 0.350871
LYS-HE3-LYS-CE 0.018231 2.495296 36.982641 0.012604 0.006289 0.006289 0.027241
LYS-HE3-LYS-CE 0.181836 2.919619 41.029779 0.023406 0.025541 0.025541 1.442651
LYS-HE3-LYS-CE 0.604586 2.948657 42.049891 0.007802 0.010202 0.010202 0.076865
CYS-HB2-CYS-CB 0.014608 3.049048 38.761862 4.660812 0.939632 0.939632 0.222282
CYS-HB2-CYS-CB 0.135170 2.413661 29.894611 0.814191 0.661903 0.661903 10.863246
CYS-HB2-CYS-CB 0.377971 2.903997 28.738334 0.082811 -0.119655 -0.119655 4.090866
CYS-HB2-CYS-CB 0.472251 3.078692 40.302840 0.170557 0.074604 0.074604 25.384752
LYS-HG3-LYS-CG 0.013252 0.883510 19.575908 0.015629 0.014291 0.014291 0.084605
LYS-HG3-LYS-CG 0.282275 1.401447 24.470549 0.035246 0.082663 0.082663 2.255844
LYS-HG3-LYS-CG 0.222522 1.215383 25.030164 0.093611 0.041679 0.041679 0.496838
LYS-HG3-LYS-CG 0.418076 1.418028 24.897273 0.012701 0.015445 0.015445 0.171448
LYS-HG3-LYS-CG 0.063876 0.761710 25.049009 0.432095 0.826122 0.826122 5.931065
CYS-HA-CYS-CA 0.148986 4.897070 53.796957 0.454871 -0.647640 -0.647640 1.624954
CYS-HA-CYS-CA 0.030962 5.039346 50.798087 0.248683 -0.316488 -0.316488 1.023914
CYS-HA-CYS-CA 0.549384 4.466178 58.659852 0.170296 -0.941917 -0.941917 11.108715
CYS-HA-CYS-CA 0.044858 4.126660 59.518587 1.260448 0.071153 0.071153 0.981367
CYS-HA-CYS-CA 0.225810 5.227117 56.411822 0.219184 -0.193208 -0.193208 1.278178
PRO-HG3-PRO-CG 0.466038 2.029657 27.486682 0.011975 0.015914 0.015914 0.232434
PRO-HG3-PRO-CG 0.091137 1.287862 25.700579 0.423156 0.074989 0.074989 6.743685
PRO-HG3-PRO-CG 0.355712 1.771476 27.413598 0.129501 0.104419 0.104419 0.745188
PRO-HG3-PRO-CG 0.087113 1.941574 25.064916 0.017774 0.012277 0.012277 0.271176
PRO-HA-PRO-CA 0.078142 3.975460 62.023791 0.661694 -0.569468 -0.569468 6.757764
PRO-HA-PRO-CA 0.193949 4.270809 65.497610 0.063475 -0.024159 -0.024159 0.607442
PRO-HA-PRO-CA 0.257211 4.433603 63.177530 0.012324 -0.022244 -0.022244 0.598046
PRO-HA-PRO-CA 0.470698 4.477401 62.711991 0.167400 -0.116374 -0.116374 1.354416
LEU-HG-LEU-CG 0.464969 1.594910 27.103655 0.038776 0.003539 0.003539 0.252789
LEU-HG-LEU-CG 0.251568 1.350100 26.360155 0.181162 -0.023257 -0.023257 0.382060
LEU-HG-LEU-CG 0.117626 1.044156 25.537156 0.319522 0.165499 0.165499 3.421009
LEU-HG-LEU-CG 0.165837 1.525266 26.836730 0.080675 -0.048467 -0.048467 6.825202
ILE-HG21-ILE-CG2 0.440103 0.860511 17.538758 0.018009 0.008433 0.008433 0.403669
ILE-HG21-ILE-CG2 0.289170 0.797440 18.291784 0.055015 0.098914 0.098914 0.934971
ILE-HG21-ILE-CG2 0.048945 0.605410 18.510802 0.363477 0.966428 0.966428 24.049802
ILE-HG21-ILE-CG2 0.221782 0.549813 16.541202 0.134657 -0.045293 -0.045293 2.491865
ASP-HB3-ASP-CB 0.041077 2.260294 40.014498 0.549949 0.082295 0.082295 2.072349
ASP-HB3-ASP-CB 0.239447 2.557425 41.726767 0.071885 -0.122904 -0.122904 4.769122
ASP-HB3-ASP-CB 0.352283 2.733523 40.855218 0.070175 0.009081 0.009081 2.052444
ASP-HB3-ASP-CB 0.040369 2.847256 38.426128 0.216324 1.088557 1.088557 6.279126
ASP-HB3-ASP-CB 0.326824 2.653297 40.539021 0.012199 -0.009144 -0.009144 1.074184
TRP-HB2-TRP-CB 0.321369 3.128612 32.119055 0.150408 -0.082473 -0.082473 4.312503
TRP-HB2-TRP-CB 0.099133 2.854171 27.442092 0.307999 -0.464540 -0.464540 5.109249
TRP-HB2-TRP-CB 0.579498 3.273499 29.739226 0.077610 -0.048305 -0.048305 1.980708
PHE-HA-PHE-CA 0.109319 5.214445 55.763975 0.312506 0.042804 0.042804 0.305729
PHE-HA-PHE-CA 0.280516 4.123554 61.222447 0.118371 -0.205932 -0.205932 1.663345
PHE-HA-PHE-CA 0.270901 5.030737 55.772261 0.239510 -0.199432 -0.199432 3.283401
PHE-HA-PHE-CA 0.281483 4.724449 57.496428 0.152765 -0.269566 -0.269566 1.085390
PHE-HA-PHE-CA 0.057782 4.071450 57.982397 0.865684 -0.562685 -0.562685 12.379975
LEU-HD23-LEU-CD2 1.000000 0.721833 23.877167 0.078163 0.065244 0.065244 2.190887
PRO-HB2-PRO-CB 0.255547 2.343703 32.023494 0.013356 0.017547 0.017547 0.205233
PRO-HB2-PRO-CB 0.051881 1.794200 32.059256 0.415627 0.873157 0.873157 6.249348
PRO-HB2-PRO-CB 0.124442 1.560746 31.635889 0.323519 0.168095 0.168095 1.131625
PRO-HB2-PRO-CB 0.304285 1.971282 32.063186 0.031089 0.014668 0.014668 0.315018
PRO-HB2-PRO-CB 0.263844 2.205930 31.344346 0.074215 0.118312 0.118312 4.323646
ARG-HD3-ARG-CD 1.000000 3.056922 42.996691 0.098288 0.036578 0.036578 1.532435
THR-HG21-THR-CG2 0.711258 1.171545 21.723426 0.018912 0.022009 0.022009 0.348740
THR-HG21-THR-CG2 0.083703 1.132197 19.504114 0.026776 0.017266 0.017266 0.415025
THR-HG21-THR-CG2 0.192526 0.959751 21.982242 0.156965 0.244905 0.244905 4.612798
THR-HG21-THR-CG2 0.012513 0.845580 16.348678 0.091454 0.256767 0.256767 2.295149
ARG-HG3-ARG-CG 0.012599 1.798181 31.880916 0.043432 0.624833 0.624833 33.228394
ARG-HG3-ARG-CG 0.596741 1.571455 27.288971 0.017759 0.008661 0.008661 0.478200
ARG-HG3-ARG-CG 0.390660 1.373891 26.726157 0.197541 0.100585 0.100585 2.957935
ALA-HB3-ALA-CB 0.800763 1.369723 18.825375 0.014176 -0.017859 -0.017859 1.000805
ALA-HB3-ALA-CB 0.199237 1.384164 22.548707 0.002927 -0.037579 -0.037579 0.804283
TYR-HB2-TYR-CB 0.135071 3.217794 37.515994 0.093291 0.165202 0.165202 1.657380
TYR-HB2-TYR-CB 0.295736 2.870846 41.803763 0.079434 -0.098374 -0.098374 2.363613
TYR-HB2-TYR-CB 0.195319 2.622110 38.448881 0.396529 -0.137422 -0.137422 7.305586
TYR-HB2-TYR-CB 0.068755 2.887210 40.447897 0.113200 0.072584 0.072584 0.074802
TYR-HB2-TYR-CB 0.305119 3.004364 38.550094 0.055446 0.004562 0.004562 0.482346
PHE-HB2-PHE-CB 0.184326 2.920213 43.006069 0.088787 0.032257 0.032257 1.300889
PHE-HB2-PHE-CB 0.197860 3.198954 37.846851 0.114507 0.283992 0.283992 3.726294
PHE-HB2-PHE-CB 0.173394 3.043823 41.282268 0.065358 0.039591 0.039591 0.612034
PHE-HB2-PHE-CB 0.353174 3.057248 39.312640 0.102376 -0.002823 -0.002823 0.715434
PHE-HB2-PHE-CB 0.091247 2.237080 40.258830 0.451366 0.143535 0.143535 5.107634
ILE-HD12-ILE-CD1 1.000000 0.678909 13.140091 0.083453 0.354980 0.354980 2.242151
HIS-HB3-HIS-CB 0.610446 2.862349 30.956190 0.196149 -0.255765 -0.255765 7.566023
HIS-HB3-HIS-CB 0.038066 3.207213 28.728459 8.609494 -0.678378 -0.678378 18.215045
HIS-HB3-HIS-CB 0.351489 3.149694 29.803801 0.019043 -0.048800 -0.048800 1.837582
PRO-HD3-PRO-CD 0.738462 3.701961 50.574366 0.054399 0.062430 0.062430 0.434844
PRO-HD3-PRO-CD 0.005121 3.727417 25.099384 0.130833 3.853632 3.853632 117.550371
PRO-HD3-PRO-CD 0.256417 3.137033 49.297134 0.657065 0.177375 0.177375 3.682253
MET-HB2-MET-CB 0.382165 2.100462 33.011658 0.011535 -0.020178 -0.020178 2.316564
MET-HB2-MET-CB 0.486671 2.019137 32.473299 0.133722 -0.070687 -0.070687 6.563386
MET-HB2-MET-CB 0.117033 1.899972 37.526014 0.066971 -0.006395 -0.006395 2.057396
MET-HB2-MET-CB 0.014131 1.951166 33.968689 2.430772 2.970510 2.970510 6.186545
HIS-HA-HIS-CA 0.478212 4.501805 57.101917 0.112191 -0.593931 -0.593931 6.034299
HIS-HA-HIS-CA 0.078588 4.089130 55.908852 0.911720 -0.021761 -0.021761 15.876672
HIS-HA-HIS-CA 0.004304 7.753667 81.353333 0.021974 0.871401 0.871401 35.801502
HIS-HA-HIS-CA 0.438896 4.940306 55.096196 0.241045 -0.400937 -0.400937 2.180652
VAL-HA-VAL-CA 0.191527 3.558292 66.642505 0.063869 -0.119759 -0.119759 0.776935
VAL-HA-VAL-CA 0.046728 4.152078 61.234139 0.597915 -0.194097 -0.194097 16.117765
VAL-HA-VAL-CA 0.278899 4.335623 61.627193 0.115586 -0.144882 -0.144882 0.769274
VAL-HA-VAL-CA 0.144521 3.744604 64.391212 0.211065 -0.364849 -0.364849 1.472890
VAL-HA-VAL-CA 0.338326 4.758081 59.656984 0.188040 -0.104109 -0.104109 1.868915
GLY-HA3-GLY-CA 0.169646 3.863140 46.906686 0.052407 -0.070682 -0.070682 0.426914
GLY-HA3-GLY-CA 0.353972 3.954050 44.719701 0.254706 -0.060496 -0.060496 1.675275
GLY-HA3-GLY-CA 0.094259 3.725926 44.719424 0.049187 0.321586 0.321586 6.246571
GLY-HA3-GLY-CA 0.321068 3.856308 45.337747 0.064688 0.002209 0.002209 0.240965
GLY-HA3-GLY-CA 0.061056 3.135650 45.592325 0.972660 0.824998 0.824998 3.315522
ILE-HG13-ILE-CG1 0.459765 1.240479 27.505632 0.094028 -0.022598 -0.022598 0.440679
ILE-HG13-ILE-CG1 0.334311 1.221725 29.019175 0.226089 0.092196 0.092196 1.072976
ILE-HG13-ILE-CG1 0.047660 0.748070 25.295131 0.428351 -0.142470 -0.142470 25.989854
ILE-HG13-ILE-CG1 0.158264 0.955501 25.684664 0.172117 -0.104564 -0.104564 0.999643
VAL-HG22-VAL-CG2 0.414706 0.439402 19.714636 0.098898 -0.297195 -0.297195 2.623161
VAL-HG22-VAL-CG2 0.585294 0.828776 21.324449 0.009687 -0.017877 -0.017877 0.590789
LEU-HD11-LEU-CD1 0.225903 0.600270 25.954994 0.154115 0.191785 0.191785 1.239613
LEU-HD11-LEU-CD1 0.136164 0.860998 23.975301 0.007378 0.068690 0.068690 3.183869
LEU-HD11-LEU-CD1 0.357769 0.824798 25.458218 0.019310 -0.004984 -0.004984 0.730589
LEU-HD11-LEU-CD1 0.105907 0.265364 22.577937 0.282797 0.046766 0.046766 3.882765
LEU-HD11-LEU-CD1 0.174258 0.736031 23.403529 0.046542 0.007666 0.007666 0.989126
GLU-HB3-GLU-CB 0.226765 1.911981 32.549720 0.036362 0.057950 0.057950 2.093728
GLU-HB3-GLU-CB 0.200919 2.054871 29.284652 0.010862 0.024740 0.024740 0.261182
GLU-HB3-GLU-CB 0.095407 1.796870 30.400558 0.311873 0.529181 0.529181 12.387027
GLU-HB3-GLU-CB 0.271141 1.936279 30.168360 0.020029 0.019760 0.019760 0.564612
GLU-HB3-GLU-CB 0.205768 2.117214 28.597169 0.038127 0.120077 0.120077 2.103903
LEU-HA-LEU-CA 0.255268 3.999528 57.850226 0.034047 -0.014531 -0.014531 0.346764
LEU-HA-LEU-CA 0.148246 3.888021 56.854783 0.225203 -0.091539 -0.091539 3.432644
LEU-HA-LEU-CA 0.185048 4.829140 53.074813 0.198182 0.007397 0.007397 2.932256
LEU-HA-LEU-CA 0.236221 4.329494 55.193457 0.049510 -0.096621 -0.096621 0.755988
LEU-HA-LEU-CA 0.175217 4.924649 53.386721 0.151364 -0.006597 -0.006597 0.291191
THR-HG23-THR-CG2 1.000000 1.163000 20.929778 0.011248 -0.024592 -0.024592 1.487381
SER-HB2-SER-CB 1.000000 3.874490 63.805259 0.086444 0.040862 0.040862 4.042263
TRP-HA-TRP-CA 0.511968 4.502379 58.908929 0.117566 -0.449352 -0.449352 4.333576
TRP-HA-TRP-CA 0.040747 3.508297 60.410938 0.451059 -0.045903 -0.045903 14.508451
TRP-HA-TRP-CA 0.074107 5.416050 53.144830 0.357915 0.138169 0.138169 1.475047
TRP-HA-TRP-CA 0.373179 5.073924 56.086085 0.159912 0.081602 0.081602 1.404101
TYR-HA-TYR-CA 0.405115 4.988000 56.734650 0.263515 -0.295647 -0.295647 1.649762
TYR-HA-TYR-CA 0.254555 4.183890 60.811870 0.079770 -0.324397 -0.324397 2.633027
TYR-HA-TYR-CA 0.030277 4.275824 54.458589 1.506594 -1.289513 -1.289513 3.024214
TYR-HA-TYR-CA 0.118879 4.525019 58.270443 0.783826 -1.160030 -1.160030 2.877458
TYR-HA-TYR-CA 0.191175 4.728978 57.267403 0.143336 -0.673494 -0.673494 9.608104
ILE-HB-ILE-CB 0.184568 1.736597 36.631718 0.173050 -0.311397 -0.311397 1.941024
ILE-HB-ILE-CB 0.379168 1.875110 38.247924 0.045893 -0.049171 -0.049171 0.620534
ILE-HB-ILE-CB 0.343315 1.699508 40.829646 0.053999 -0.051165 -0.051165 2.086326
ILE-HB-ILE-CB 0.053523 1.585902 40.153725 0.489667 -0.218182 -0.218182 1.831975
ILE-HB-ILE-CB 0.039426 1.645438 37.024456 0.277444 0.035741 0.035741 8.549451
GLU-HG2-GLU-CG 0.209820 2.306270 36.394064 0.012122 -0.006599 -0.006599 0.314911
GLU-HG2-GLU-CG 0.067768 2.209725 34.790385 0.244602 0.216793 0.216793 7.197381
GLU-HG2-GLU-CG 0.201444 2.298039 34.919544 0.028129 -0.059297 -0.059297 1.785974
GLU-HG2-GLU-CG 0.314140 2.279452 36.637564 0.087878 0.128408 0.128408 1.017393
GLU-HG2-GLU-CG 0.206829 2.267019 36.276686 0.013656 0.007648 0.007648 0.101941
LEU-HD21-LEU-CD2 0.283346 0.823686 25.462651 0.023079 0.016145 0.016145 1.366305
LEU-HD21-LEU-CD2 0.344391 0.828133 23.382706 0.014877 0.007508 0.007508 0.843153
LEU-HD21-LEU-CD2 0.153530 0.229634 23.075046 0.317442 0.452953 0.452953 4.814348
LEU-HD21-LEU-CD2 0.051573 0.340087 25.679563 0.137685 0.044861 0.044861 0.400413
LEU-HD21-LEU-CD2 0.167161 0.558161 23.341800 0.037748 -0.114510 -0.114510 4.155341
VAL-HG12-VAL-CG1 0.712409 0.821719 20.586426 0.065854 0.219538 0.219538 1.444386
VAL-HG12-VAL-CG1 0.287591 0.873985 22.954978 0.014760 0.027406 0.027406 0.164796
MET-HA-MET-CA 0.049489 5.031612 53.265217 0.372240 0.559826 0.559826 8.231806
MET-HA-MET-CA 0.226055 4.927439 53.796283 0.339323 -0.032243 -0.032243 1.084890
MET-HA-MET-CA 0.238266 3.972377 59.112752 0.075298 -0.078575 -0.078575 1.353144
MET-HA-MET-CA 0.215082 4.360517 56.706654 0.049944 -0.082728 -0.082728 0.754862
MET-HA-MET-CA 0.271108 4.525108 54.873335 0.210057 -0.272492 -0.272492 0.693398
LEU-HD22-LEU-CD2 1.000000 0.721833 23.877167 0.078163 0.065244 0.065244 2.190887
GLN-HA-GLN-CA 0.292660 4.026210 58.699257 0.031407 -0.035673 -0.035673 0.600614
GLN-HA-GLN-CA 0.320066 4.462146 54.891055 0.126265 -0.253463 -0.253463 1.787610
GLN-HA-GLN-CA 0.119614 5.013210 53.571344 0.288285 0.174179 0.174179 2.705698
GLN-HA-GLN-CA 0.130788 3.853516 58.329138 0.304510 0.075766 0.075766 2.666532
GLN-HA-GLN-CA 0.136872 4.300322 56.218162 0.026068 -0.108567 -0.108567 0.740910
LYS-HE2-LYS-CE 0.701476 2.948529 42.061592 0.008995 0.010723 0.010723 0.092466
LYS-HE2-LYS-CE 0.013301 2.543008 37.000124 0.004328 0.001321 0.001321 0.022152
LYS-HE2-LYS-CE 0.285223 2.779415 41.412900 0.137315 0.112705 0.112705 2.571867
GLU-HG3-GLU-CG 0.287903 2.259618 35.304352 0.034359 -0.044413 -0.044413 2.367284
GLU-HG3-GLU-CG 0.235288 2.196027 36.725606 0.093480 0.141971 0.141971 1.023432
GLU-HG3-GLU-CG 0.037928 1.761585 33.920199 0.299701 -0.329167 -0.329167 7.838750
GLU-HG3-GLU-CG 0.289631 2.243834 36.232020 0.023058 0.018798 0.018798 0.151692
GLU-HG3-GLU-CG 0.149250 2.277764 36.530081 0.005673 -0.018023 -0.018023 0.258414
LYS-HB3-LYS-CB 0.398901 1.845569 32.596751 0.016872 -0.014553 -0.014553 0.465829
LYS-HB3-LYS-CB 0.062973 1.256875 32.595294 0.863610 0.292545 0.292545 4.917151
LYS-HB3-LYS-CB 0.538125 1.696474 33.556590 0.059438 -0.030464 -0.030464 6.249464
ILE-HG22-ILE-CG2 1.000000 0.831909 17.571818 0.010285 0.064753 0.064753 1.344237
VAL-HG21-VAL-CG2 0.343231 0.896553 22.299311 0.037626 0.091498 0.091498 1.377497
VAL-HG21-VAL-CG2 0.227202 0.885717 21.142548 0.011345 0.013858 0.013858 0.385922
VAL-HG21-VAL-CG2 0.122670 0.797473 19.048256 0.027014 0.093002 0.093002 1.708187
VAL-HG21-VAL-CG2 0.105074 0.450435 20.441287 0.377055 0.666265 0.666265 7.028932
VAL-HG21-VAL-CG2 0.201822 0.592365 21.030048 0.116376 -0.075002 -0.075002 1.266744
PRO-HD2-PRO-CD 0.226750 3.344562 49.116572 0.445694 0.033720 0.033720 4.133763
PRO-HD2-PRO-CD 0.769591 3.744901 50.588908 0.049768 0.054528 0.054528 0.443883
PRO-HD2-PRO-CD 0.003659 3.799999 19.353362 0.027267 -0.887620 -0.887620 29.133038
LEU-HD12-LEU-CD1 0.665517 0.748847 25.165380 0.030596 0.018089 0.018089 0.172436
LEU-HD12-LEU-CD1 0.334483 0.620747 23.136147 0.031040 0.008980 0.008980 0.451443
HIS-HB2-HIS-CB 0.052301 3.344473 29.876102 7.258384 -1.553840 -1.553840 15.101533
HIS-HB2-HIS-CB 0.663443 3.231670 29.918424 0.049738 -0.061940 -0.061940 3.488654
HIS-HB2-HIS-CB 0.284256 2.696916 31.862932 0.134545 0.350678 0.350678 8.602577
ILE-HG12-ILE-CG1 0.440375 1.214840 28.527829 0.207345 0.293839 0.293839 1.383737
ILE-HG12-ILE-CG1 0.179332 1.171476 25.835151 0.132071 0.098797 0.098797 1.246234
ILE-HG12-ILE-CG1 0.033245 1.112041 24.482474 0.112249 -0.171901 -0.171901 30.633743
ILE-HG12-ILE-CG1 0.325580 1.431570 27.520640 0.052118 0.051736 0.051736 0.423053
ILE-HG12-ILE-CG1 0.021468 0.576078 30.375618 0.644371 1.005603 1.005603 1.858996
ASP-HA-ASP-CA 0.437379 4.653256 53.705310 0.065880 -0.199394 -0.199394 2.300399
ASP-HA-ASP-CA 0.078180 4.598288 53.655969 0.004053 -0.014798 -0.014798 1.851429
ASP-HA-ASP-CA 0.093772 4.475716 53.431091 0.323529 -0.156565 -0.156565 7.482246
ASP-HA-ASP-CA 0.218059 4.405145 57.110296 0.022216 0.011362 0.011362 0.699970
ASP-HA-ASP-CA 0.172609 4.820390 54.806614 0.229575 -0.651983 -0.651983 3.674952
SER-HA-SER-CA 0.366908 4.525391 57.898208 0.077571 -0.241784 -0.241784 2.692734
SER-HA-SER-CA 0.085437 4.433691 58.641860 0.006034 -0.027749 -0.027749 0.355519
SER-HA-SER-CA 0.159627 5.090357 57.174708 0.245029 -0.143479 -0.143479 0.878069
SER-HA-SER-CA 0.162255 4.394518 58.128252 0.420152 -0.385999 -0.385999 9.968671
SER-HA-SER-CA 0.225773 4.218286 61.519268 0.038101 -0.035618 -0.035618 0.708058
PHE-HB3-PHE-CB 0.147314 2.918396 39.246248 0.170586 -0.049264 -0.049264 0.372351
PHE-HB3-PHE-CB 0.137457 3.084273 39.907194 0.019211 -0.031298 -0.031298 0.850629
PHE-HB3-PHE-CB 0.208236 3.050849 38.062126 0.106543 -0.006134 -0.006134 1.814526
PHE-HB3-PHE-CB 0.077847 2.188660 38.178478 0.339785 -0.606852 -0.606852 9.086987
PHE-HB3-PHE-CB 0.429146 2.848888 41.869792 0.127601 -0.003417 -0.003417 2.312039
CYS-HB3-CYS-CB 0.495069 2.835586 29.373871 0.159084 0.302936 0.302936 6.520509
CYS-HB3-CYS-CB 0.404271 2.860966 40.681471 0.164686 0.477128 0.477128 16.972868
CYS-HB3-CYS-CB 0.032008 2.343931 48.159243 0.305171 0.603403 0.603403 2.953273
CYS-HB3-CYS-CB 0.053439 1.598688 28.503347 1.146498 1.734356 1.734356 10.129560
CYS-HB3-CYS-CB 0.015214 2.912060 38.455296 4.895196 1.266246 1.266246 0.330526
ALA-HB1-ALA-CB 0.391857 1.360441 18.641750 0.024863 -0.014871 -0.014871 2.599900
ALA-HB1-ALA-CB 0.133292 1.254117 22.894193 0.067951 -0.013249 -0.013249 1.526347
ALA-HB1-ALA-CB 0.136775 1.036570 18.433201 0.318159 0.223820 0.223820 4.526432
ALA-HB1-ALA-CB 0.236913 1.438608 18.493752 0.010004 -0.020347 -0.020347 0.491516
ALA-HB1-ALA-CB 0.101163 1.590977 18.714893 0.025302 0.019700 0.019700 0.620303
TYR-HB3-TYR-CB 0.191903 2.846796 40.286514 0.078687 0.072788 0.072788 0.512733
TYR-HB3-TYR-CB 0.372543 2.948569 38.326878 0.069633 0.023326 0.023326 0.474807
TYR-HB3-TYR-CB 0.212882 2.738661 42.331089 0.064916 -0.026964 -0.026964 1.884291
TYR-HB3-TYR-CB 0.045758 2.964182 36.193262 0.117260 0.082139 0.082139 0.211675
TYR-HB3-TYR-CB 0.176914 2.415867 38.333765 0.447578 -0.366604 -0.366604 7.535539
THR-HA-THR-CA 0.304331 4.962772 60.266465 0.198138 -0.107259 -0.107259 1.844408
THR-HA-THR-CA 0.272290 4.410025 61.502890 0.046504 -0.279928 -0.279928 2.896258
THR-HA-THR-CA 0.095167 4.355856 61.719646 0.331204 -0.507793 -0.507793 13.942937
THR-HA-THR-CA 0.136555 4.566109 62.235260 0.143978 0.051611 0.051611 0.491116
THR-HA-THR-CA 0.191658 3.929056 66.428508 0.063825 0.005278 0.005278 1.797874
ARG-HD2-ARG-CD 1.000000 3.094833 42.998887 0.062319 0.013942 0.013942 1.459222
ALA-HB2-ALA-CB 0.199237 1.384164 22.548707 0.002927 -0.037579 -0.037579 0.804283
ALA-HB2-ALA-CB 0.800763 1.369723 18.825375 0.014176 -0.017859 -0.017859 1.000805
ARG-HG2-ARG-CG 0.197709 1.610126 26.960284 0.044356 0.246598 0.246598 7.388103
ARG-HG2-ARG-CG 0.263541 1.399332 26.903765 0.189794 0.034940 0.034940 1.961005
ARG-HG2-ARG-CG 0.538750 1.614918 27.255553 0.020908 0.025439 0.025439 0.363890
VAL-HG11-VAL-CG1 1.000000 0.816559 21.552575 0.084479 0.131837 0.131837 6.885150
SER-HB3-SER-CB 0.860350 3.865381 63.864185 0.039386 -0.048328 -0.048328 2.050820
SER-HB3-SER-CB 0.139650 3.462038 63.781881 0.402802 0.550568 0.550568 12.786264
