ARG-ARG-CB 0.116716326161 1.58309860246 31.9080364148 0.196160533614 0.234743231268 0.234743231268 7.86780884349
ARG-ARG-CB 0.178873921331 1.72622633566 33.3928080785 0.0342282504085 -0.0441600587845 -0.0441600587845 1.20390369208
ARG-ARG-CB 0.38297902385 1.76673512079 29.9228656016 0.0736601191149 -0.0810266292091 -0.0810266292091 2.83729517093
ARG-ARG-CB 0.0493732197734 1.57311814348 30.6862070669 0.680655227286 0.18703192664 0.18703192664 0.705333645344
ARG-ARG-CB 0.272057508885 1.85899141699 30.3384612673 0.0154611215577 -0.0294380652936 -0.0294380652936 0.485136056837
MET-MET-CE 0.250048015174 2.06576280151 16.9725839135 0.00287187194148 0.00270383047639 0.00270383047639 0.106974176956
MET-MET-CE 0.551842969895 1.88013160855 17.2460134147 0.04474380138 0.00377518408738 0.00377518408738 1.08399742024
MET-MET-CE 0.011461318095 1.61500003693 35.4750003429 0.417125028391 0.966874680083 0.966874680083 4.38687653957
MET-MET-CE 0.178053600269 1.29743917809 16.5426876212 0.330600875492 0.0198211973903 0.0198211973903 3.43596346212
MET-MET-CE 0.0085940965667 1.71412156479 26.052893689 0.769428471565 1.13777749629 1.13777749629 1.77665398721
PHE-PHE-CA 0.109319094216 5.21444501212 55.7639754185 0.312505883866 0.0428043325803 0.0428043325803 0.305729455738
PHE-PHE-CA 0.0577816663585 4.0714501255 57.982396502 0.865683599939 -0.562684801063 -0.562684801063 12.3799749915
PHE-PHE-CA 0.270900633466 5.03073664104 55.772260844 0.239509666017 -0.199431745738 -0.199431745738 3.28340134151
PHE-PHE-CA 0.28051579271 4.12355354864 61.2224474592 0.11837133796 -0.205931698513 -0.205931698513 1.66334517079
PHE-PHE-CA 0.28148281325 4.72444867523 57.4964276677 0.152765382156 -0.269566127177 -0.269566127177 1.08538956194
LYS-LYS-CB 0.327411921019 1.8684205619 32.528612431 0.0197328910269 -0.0139098934327 -0.0139098934327 0.315856246392
LYS-LYS-CB 0.273793760883 1.62034944565 32.9799837083 0.136326833266 -0.0522727899687 -0.0522727899687 4.94736629266
LYS-LYS-CB 0.0145223196181 1.20102365247 32.7977897607 1.9875182536 1.66029522184 1.66029522184 11.1379041134
LYS-LYS-CB 0.375621303298 1.78030469361 33.6339024632 0.0245878835576 -0.0798920792653 -0.0798920792653 4.55556704581
LYS-LYS-CB 0.00865069518253 1.52663009822 35.8962260957 0.0263880833456 1.12304284801 1.12304284801 55.0769607859
LEU-LEU-CD1 0.169366457021 0.73154988374 23.3484071648 0.0475276885909 0.00950544278288 0.00950544278288 0.827911510064
LEU-LEU-CD1 0.233131180662 0.607129236569 25.9751098917 0.147580713639 0.185893879721 0.185893879721 1.22863706536
LEU-LEU-CD1 0.104411324494 0.264105688091 22.6024020557 0.283700888062 0.052712020236 0.052712020236 3.85787453429
LEU-LEU-CD1 0.131933662637 0.858998166572 23.8969154688 0.00788379217796 0.0701545474043 0.0701545474043 3.33936667195
LEU-LEU-CD1 0.361157375187 0.82505877635 25.4135562748 0.0185634510533 -0.00164837552508 -0.00164837552508 0.66468072993
ALA-ALA-CA 0.282367574992 4.0234027639 55.2186421134 0.0470123749713 -0.0155363010694 -0.0155363010694 0.279116781687
ALA-ALA-CA 0.0785040340568 4.24763368596 51.8389444364 0.473185455242 -0.68334779883 -0.68334779883 10.8569139281
ALA-ALA-CA 0.365909600417 4.5651351764 51.5933986527 0.350818892601 -0.567988514974 -0.567988514974 2.15138801993
ALA-ALA-CA 0.273218790534 4.21569237659 53.4143801714 0.0256730942877 -0.16384389998 -0.16384389998 2.06796008982
ARG-ARG-CG 0.013893908716 1.79050595625 31.2830782676 0.0457548673033 0.66972283293 0.66972283293 31.653817754
ARG-ARG-CG 0.585592438352 1.59691602113 27.2754733004 0.0196910166102 0.0201286261991 0.0201286261991 0.450061946552
ARG-ARG-CG 0.400513652932 1.41958058462 26.7362089186 0.171384380125 0.0752682045683 0.0752682045683 2.98108244932
ASN-ASN-CB 0.313935230726 2.80897298003 37.8646182801 0.0784872970525 -0.0607402416526 -0.0607402416526 1.91959393953
ASN-ASN-CB 0.159999881808 2.82286151454 40.9739166479 0.0911472592907 -0.330798325486 -0.330798325486 3.38677639681
ASN-ASN-CB 0.337826076739 2.82530966695 38.5188025925 0.0161733910005 -0.0280311013577 -0.0280311013577 0.861382245368
ASN-ASN-CB 0.122773768888 2.47276974778 38.6953579734 0.493725038442 0.193225747802 0.193225747802 5.97898111703
ASN-ASN-CB 0.0654650418392 2.79122387223 39.8041786422 0.377032342311 -0.584848694803 -0.584848694803 1.5774667751
VAL-VAL-CA 0.0467277822407 4.15207846309 61.2341385643 0.59791459297 -0.194097404835 -0.194097404835 16.1177649148
VAL-VAL-CA 0.191526618097 3.55829154574 66.6425046223 0.0638685628716 -0.119759114429 -0.119759114429 0.776934531807
VAL-VAL-CA 0.278899323209 4.33562250441 61.6271932321 0.115585701708 -0.144881977507 -0.144881977507 0.769273860955
VAL-VAL-CA 0.338325705854 4.75808068983 59.6569842325 0.188039815443 -0.104108950516 -0.104108950516 1.86891477128
VAL-VAL-CA 0.144520570599 3.74460370529 64.3912120472 0.211065020764 -0.364848646332 -0.364848646332 1.4728900154
GLN-GLN-CG 1.0 2.30010366812 33.8149579961 0.0939553151984 0.0677567425589 0.0677567425589 11.9160572907
ILE-ILE-CG2 0.294320320062 0.801018034235 18.282286267 0.0533448820896 0.096333592336 0.096333592336 0.963725356911
ILE-ILE-CG2 0.434428583828 0.861324532331 17.5467650275 0.0172434863615 0.00697313642506 0.00697313642506 0.382890939559
ILE-ILE-CG2 0.222874287538 0.551838724812 16.5335252074 0.131601730675 -0.0511100940149 -0.0511100940149 2.44712122804
ILE-ILE-CG2 0.0483768085713 0.601228748754 18.4821737173 0.368039109813 0.979077731854 0.979077731854 24.0219998684
LEU-LEU-CA 0.255268223778 3.99952765844 57.8502261589 0.0340473499929 -0.0145310342173 -0.0145310342173 0.346763772001
LEU-LEU-CA 0.185048396959 4.82913980734 53.0748133054 0.198181823407 0.00739670196837 0.00739670196837 2.93225573123
LEU-LEU-CA 0.175216701036 4.9246493455 53.3867207746 0.15136421508 -0.00659740796115 -0.00659740796115 0.291191030178
LEU-LEU-CA 0.236220781196 4.32949441538 55.1934567686 0.0495099398205 -0.0966209724378 -0.0966209724378 0.755987518276
LEU-LEU-CA 0.148245897031 3.88802138063 56.8547827639 0.225202524407 -0.0915390880026 -0.0915390880026 3.43264448397
MET-MET-CB 0.419560170575 2.09677526784 32.9682700184 0.0210209949563 -0.0182594736437 -0.0182594736437 2.08056293623
MET-MET-CB 0.106488790698 1.92002753909 37.5935802408 0.0622701309004 0.0592597158028 0.0592597158028 2.01555410335
MET-MET-CB 0.0060315336768 0.0197333268363 29.8700047625 0.462697811028 0.0146101506522 0.0146101506522 0.33323192273
MET-MET-CB 0.00380977651435 3.61772333709 36.3514044152 0.0619422905747 -0.125536638077 -0.125536638077 2.78444793933
MET-MET-CB 0.464109728536 1.96525236447 32.6005814223 0.163258225551 -0.172784591125 -0.172784591125 7.27687063545
GLU-GLU-CG 0.263335618478 2.25850752093 36.2511031167 0.0225621335531 0.0205988955549 0.0205988955549 0.154553462494
GLU-GLU-CG 0.159987054576 2.28143593825 36.4426827831 0.00597649913581 -0.0165491442457 -0.0165491442457 0.248611789907
GLU-GLU-CG 0.0536495117983 2.04143069346 34.5385128683 0.302766727673 0.0943840105526 0.0943840105526 7.69627175598
GLU-GLU-CG 0.2565476571 2.28967077455 35.1963887611 0.0304949438959 -0.0351126159788 -0.0351126159788 2.16584234306
GLU-GLU-CG 0.266480158048 2.24324966786 36.7014775858 0.0927570835 0.133406815061 0.133406815061 1.00118018377
THR-THR-CG2 0.194503053603 0.962421464522 21.9769018387 0.154845912539 0.239938818496 0.239938818496 4.54284406069
THR-THR-CG2 0.708228609839 1.17208749792 21.7195608291 0.0185899101682 0.0210106800467 0.0210106800467 0.346133537246
THR-THR-CG2 0.0127934019339 0.852687487244 16.412795095 0.0917940189764 0.265292651118 0.265292651118 2.37267995031
THR-THR-CG2 0.0844749346234 1.13285751005 19.4811727574 0.0256884091644 0.0139675490907 0.0139675490907 0.364437097444
CYS-CYS-CA 0.04379571872 4.04259216056 59.4295743784 1.3328952821 0.100629451887 0.100629451887 1.63171680826
CYS-CYS-CA 0.250036966505 5.11969852764 53.3683631571 0.230858719553 -0.16541256931 -0.16541256931 3.048970336
CYS-CYS-CA 0.153372610775 4.07756373981 62.5907967324 0.0783291184191 -0.137154143281 -0.137154143281 3.16591481877
CYS-CYS-CA 0.327589547579 4.60253290128 58.3211878294 0.137219693091 -0.182592644042 -0.182592644042 1.89101408787
CYS-CYS-CA 0.225205156421 4.94850450436 55.8196500002 0.352842891627 0.175009077952 0.175009077952 0.579500823629
ASP-ASP-CB 0.200072223479 2.8259257129 42.5663061045 0.10857670129 -0.202145759378 -0.202145759378 1.87950015775
ASP-ASP-CB 0.0976142038545 2.53950895008 40.4833419109 0.356562607446 0.260284060067 0.260284060067 9.16216363405
ASP-ASP-CB 0.382810831471 2.72913113451 40.7882249442 0.0515230294564 -0.0983250813338 -0.0983250813338 0.88063863421
ASP-ASP-CB 0.149905218865 2.6384267204 39.0498339193 0.0507594358658 -0.10545312341 -0.10545312341 1.06855166896
ASP-ASP-CB 0.16959752233 2.66265667136 40.6040941834 0.00821473469377 0.00535465465358 0.00535465465358 0.784616379141
TYR-TYR-CB 0.182546500337 2.90432613102 40.3463551342 0.0933816686178 0.0628598344916 0.0628598344916 0.42801543957
TYR-TYR-CB 0.179312803472 2.51166634695 38.4455451285 0.44296699499 -0.236916748293 -0.236916748293 7.58438042179
TYR-TYR-CB 0.211200110036 2.77456234604 42.368312592 0.0668733129065 -0.0189154873525 -0.0189154873525 1.73443369625
TYR-TYR-CB 0.299530725566 2.97431391162 38.4700462052 0.0642106531755 0.0199288799945 0.0199288799945 0.36172850591
TYR-TYR-CB 0.127409860588 3.08851061401 37.2117588994 0.101271372105 0.12095559385 0.12095559385 1.26922137917
ILE-ILE-CB 0.0394877816861 1.64545042833 37.0277260308 0.277390790691 0.0356843874948 0.0356843874948 8.55125213935
ILE-ILE-CB 0.343354895099 1.69951081851 40.8296500124 0.054013910895 -0.0511881674477 -0.0511881674477 2.08619461476
ILE-ILE-CB 0.184638688886 1.73661435476 36.632295465 0.173041874002 -0.311373365216 -0.311373365216 1.94142928837
ILE-ILE-CB 0.0534158597782 1.58580075638 40.1541781515 0.490151118945 -0.218441985672 -0.218441985672 1.82935743076
ILE-ILE-CB 0.379102774551 1.87511191118 38.2480011259 0.0458874438797 -0.0491541601313 -0.0491541601313 0.620355371394
VAL-VAL-CG2 0.333292278928 0.886184071943 22.276520919 0.0395844612113 0.1036190505 0.1036190505 1.43252089656
VAL-VAL-CG2 0.102427787338 0.463335334077 20.4708409771 0.383113220853 0.663431818099 0.663431818099 6.94027861469
VAL-VAL-CG2 0.253569871887 0.883110787751 21.1429977248 0.0116520793478 0.0166477958015 0.0166477958015 0.442642574054
VAL-VAL-CG2 0.154402115858 0.827184692484 19.2369638293 0.039858232067 0.125187003925 0.125187003925 1.87203323015
VAL-VAL-CG2 0.156307945989 0.492897000769 21.2574440115 0.101976746661 0.00154875464788 0.00154875464788 1.13967586406
ARG-ARG-CD 1.0 3.07705481928 42.9978570109 0.0795445221831 0.024577753242 0.024577753242 1.49355666365
SER-SER-CA 0.366907783673 4.5253906559 57.8982083163 0.0775710676132 -0.24178399659 -0.24178399659 2.69273394006
SER-SER-CA 0.159626730122 5.0903574407 57.1747081786 0.245028804267 -0.143478670626 -0.143478670626 0.878069253009
SER-SER-CA 0.22577291029 4.21828594678 61.5192684792 0.0381007811358 -0.0356175113623 -0.0356175113623 0.708057735982
SER-SER-CA 0.0854373492766 4.43369069264 58.6418602956 0.00603443204722 -0.027749112334 -0.027749112334 0.355519022571
SER-SER-CA 0.162255226638 4.39451824482 58.1282524639 0.420152261089 -0.385999315178 -0.385999315178 9.96867083283
GLN-GLN-CA 0.130283292988 3.85292631018 58.3331397589 0.305121857639 0.0770085208281 0.0770085208281 2.66639843161
GLN-GLN-CA 0.136902268226 4.30036374086 56.2185167793 0.0261585644254 -0.109360337415 -0.109360337415 0.74658288757
GLN-GLN-CA 0.119989800018 5.01223899667 53.5734674353 0.288105321195 0.173168260288 0.173168260288 2.70117700762
GLN-GLN-CA 0.292407541884 4.02617635642 58.7006260523 0.0314277718299 -0.0356580727702 -0.0356580727702 0.599385175747
GLN-GLN-CA 0.320417096884 4.46082908155 54.8970730178 0.126512328847 -0.255253080373 -0.255253080373 1.79632405758
ALA-ALA-CB 0.120670553797 1.54438883217 19.4115291185 0.032361229574 -0.0680968679029 -0.0680968679029 0.861437299768
ALA-ALA-CB 0.137526640858 1.0369744255 18.5450695516 0.316301712889 0.226414141338 0.226414141338 4.94411855641
ALA-ALA-CB 0.287621601339 1.33880019944 18.2042940461 0.0246774307121 -0.0377132451278 -0.0377132451278 2.1852869181
ALA-ALA-CB 0.149183063277 1.27415332227 22.7284421934 0.0598142557872 -0.0288600121685 -0.0288600121685 1.63903407898
ALA-ALA-CB 0.304998140729 1.44294043295 18.4878025482 0.0118215744641 -0.0224496911853 -0.0224496911853 0.502393052639
PRO-PRO-CB 0.0646633272072 1.37702008512 30.5400070847 0.475871932716 -0.16415779242 -0.16415779242 0.508290082445
PRO-PRO-CB 0.168131328979 1.86554182281 32.3127554962 0.106678694325 -0.0189966517639 -0.0189966517639 0.302115533892
PRO-PRO-CB 0.47425853308 2.14860014329 31.9907511267 0.0645466791224 0.0349514425856 0.0349514425856 0.256939517498
PRO-PRO-CB 0.030817141666 1.45833079065 32.2678726488 0.7663536878 1.2160553442 1.2160553442 7.23717339018
PRO-PRO-CB 0.262129669068 2.09523884163 31.4297529863 0.0771233651343 0.163108756873 0.163108756873 4.68418648388
GLU-GLU-CA 0.177550131168 4.84793066096 54.6881005874 0.187689406424 -0.00266614032686 -0.00266614032686 0.642394530774
GLU-GLU-CA 0.103877731747 3.95388123587 58.5575391594 0.288564914948 -0.0307264727092 -0.0307264727092 3.52359220908
GLU-GLU-CA 0.041495252541 4.92287359342 52.7114763265 0.30031764555 0.202015786339 0.202015786339 1.37278003146
GLU-GLU-CA 0.336597930997 4.02420231606 59.3377403567 0.0289163710317 -0.0482750764822 -0.0482750764822 0.578038507483
GLU-GLU-CA 0.340478953548 4.24197654753 56.7481423674 0.0642590948821 -0.185327354022 -0.185327354022 1.4711011753
ILE-ILE-CG1 0.368535759789 1.33619073138 27.4649759997 0.077644979516 0.0195179419588 0.0195179419588 0.350133652172
ILE-ILE-CG1 0.345525377659 1.26400954316 28.8068893405 0.191546761897 0.167334304991 0.167334304991 0.976963756535
ILE-ILE-CG1 0.173176951201 1.10062210613 25.8073175372 0.130292231165 0.0128247167641 0.0128247167641 1.11896744706
ILE-ILE-CG1 0.032912941393 1.04499581067 24.3334122412 0.138066007127 -0.123436614877 -0.123436614877 29.9793591864
ILE-ILE-CG1 0.0798489699577 0.755742066506 28.4881811276 0.408606887883 0.582726972952 0.582726972952 4.1985933398
LEU-LEU-CG 0.464968644446 1.59491002822 27.1036550556 0.0387764717349 0.00353913072249 0.00353913072249 0.252788689241
LEU-LEU-CG 0.117625886374 1.04415581402 25.5371563127 0.319522062859 0.165499039157 0.165499039157 3.42100948703
LEU-LEU-CG 0.165837132872 1.52526556504 26.8367303149 0.0806746459059 -0.0484667135858 -0.0484667135858 6.82520158586
LEU-LEU-CG 0.251568336308 1.3500997884 26.3601553952 0.181162121813 -0.0232573023152 -0.0232573023152 0.382059771168
THR-THR-CB 0.390831353285 4.11473798658 69.6348946132 0.0591462305273 -0.157209157687 -0.157209157687 1.64413720313
THR-THR-CB 0.0202849206733 3.66708142915 68.8084141102 1.39279709582 0.406655158302 0.406655158302 33.1529969628
THR-THR-CB 0.588883726042 4.19711978188 69.7436818983 0.134717294508 0.120708367237 0.120708367237 3.93726170671
VAL-VAL-CB 0.136871486117 1.68544932214 32.557289791 0.338409086333 0.127729526139 0.127729526139 6.57250233299
VAL-VAL-CB 0.164843979024 2.02952071266 32.5916515959 0.0222351043808 -0.0474581708462 -0.0474581708462 0.492489796107
VAL-VAL-CB 0.257694093721 1.8694078082 34.9350269983 0.050030278008 0.0299208988884 0.0299208988884 1.1347322603
VAL-VAL-CB 0.25999954879 2.07322110205 32.114761707 0.0592034901175 -0.0218720888457 -0.0218720888457 2.96225549693
VAL-VAL-CB 0.180590892348 2.12462423159 31.5013895834 0.0893822130512 0.00200168401767 0.00200168401767 0.175107213619
ASN-ASN-CA 0.210935256952 4.82116174786 52.4170505207 0.374503992987 -0.263531943541 -0.263531943541 1.70533012728
ASN-ASN-CA 0.248429809408 4.4348856368 55.7638827655 0.0454477203444 -0.0815595804887 -0.0815595804887 0.875961184447
ASN-ASN-CA 0.265203952034 4.77292147875 52.8025259082 0.0370112824356 -0.103481097339 -0.103481097339 1.04068856273
ASN-ASN-CA 0.142778193557 4.98454930187 51.6173494144 0.1036802304 0.147463727031 0.147463727031 3.90083089574
ASN-ASN-CA 0.132652788049 4.4907103955 53.8392215459 0.0981160578803 -0.160332145497 -0.160332145497 0.493629546651
PHE-PHE-CB 0.196032686797 2.91121703003 43.0116665876 0.10366286134 -0.00564697405593 -0.00564697405593 1.2336385171
PHE-PHE-CB 0.0959624270321 2.26421308301 38.7774876804 0.397582634062 -0.510853962876 -0.510853962876 8.65138394588
PHE-PHE-CB 0.21591399196 3.11878863266 38.141468617 0.0906859160364 0.0390465327589 0.0390465327589 2.15128056041
PHE-PHE-CB 0.191817052579 2.94963433687 41.2465704665 0.111827859043 -0.00957859577724 -0.00957859577724 0.490074742321
PHE-PHE-CB 0.300273841632 3.01477178334 39.4051359977 0.121243195523 -0.0106157895973 -0.0106157895973 0.521988658198
LEU-LEU-CD2 0.21699960902 0.600038045858 23.4906837091 0.0433554466044 -0.0590872153357 -0.0590872153357 3.55082415282
LEU-LEU-CD2 0.26754818179 0.832342499899 25.4410012595 0.0217949214537 0.011572149185 0.011572149185 1.38765604104
LEU-LEU-CD2 0.151420286391 0.246497852556 23.083025717 0.333030351757 0.458132309691 0.458132309691 5.14755533803
LEU-LEU-CD2 0.309225869298 0.82851186309 23.3753109211 0.0132218292699 0.00831899235976 0.00831899235976 0.789925149963
LEU-LEU-CD2 0.0548060535011 0.3514705947 25.654112064 0.135693709133 0.0550774657396 0.0550774657396 0.467253912969
LYS-LYS-CA 0.479339500767 4.25003419492 56.6163820291 0.0974362324406 -0.500971769854 -0.500971769854 3.65838921267
LYS-LYS-CA 0.146190504881 4.9441131224 54.9280290256 0.201295156953 -0.122371738318 -0.122371738318 0.641308560714
LYS-LYS-CA 0.152658452869 4.02890316947 59.5449443199 0.0192235667427 -0.0536135706896 -0.0536135706896 0.519996733778
LYS-LYS-CA 0.0988298036061 4.47901325416 54.3093617877 0.166950231671 -0.0208689027874 -0.0208689027874 5.48974522997
LYS-LYS-CA 0.122981737877 3.92301364803 58.4224580149 0.282056447659 0.0344400951661 0.0344400951661 2.77774706855
ASP-ASP-CA 0.437379419481 4.65325620198 53.7053102647 0.065880242613 -0.19939411631 -0.19939411631 2.30039924519
ASP-ASP-CA 0.0781802594898 4.59828776111 53.6559686938 0.00405341661948 -0.0147977432961 -0.0147977432961 1.85142907247
ASP-ASP-CA 0.172609091385 4.82038994357 54.8066140396 0.229575381758 -0.651982780796 -0.651982780796 3.67495186527
ASP-ASP-CA 0.218058870492 4.40514472219 57.1102960256 0.0222159069916 0.0113619074711 0.0113619074711 0.699970260841
ASP-ASP-CA 0.0937723591522 4.47571585366 53.4310914237 0.323528774978 -0.156564542583 -0.156564542583 7.4822458234
CYS-CYS-CB 0.0165436217669 2.99125965615 38.619911701 4.32108852094 1.00683659642 1.00683659642 0.274268992507
CYS-CYS-CB 0.106708397215 2.19616962647 29.9201391511 0.976572473457 1.30917704564 1.30917704564 12.2821997363
CYS-CYS-CB 0.076431138596 2.9605226754 46.2714643464 0.464910924853 -0.296295333277 -0.296295333277 5.41922608224
CYS-CYS-CB 0.415071856417 2.87753606632 28.8841771884 0.118575368203 0.0577487122479 0.0577487122479 4.62319222744
CYS-CYS-CB 0.385244986006 2.96346226484 39.4838597547 0.127940563148 0.172687135005 0.172687135005 19.531323531
LEU-LEU-CB 0.13403730904 1.65045238972 44.0558668763 0.0711638547921 0.0143078993402 0.0143078993402 1.33494080753
LEU-LEU-CB 0.141850377521 1.39174263541 45.4175412108 0.0918232666523 0.0907964219933 0.0907964219933 2.16498643265
LEU-LEU-CB 0.0231035895621 0.419710206619 39.7665794891 0.600470366371 -1.14831928584 -1.14831928584 9.38797935006
LEU-LEU-CB 0.346781961417 1.4820973214 41.452207279 0.176083310156 -0.0908860039273 -0.0908860039273 2.98628346435
LEU-LEU-CB 0.35422676246 1.65951508688 42.065376436 0.0572023174421 -0.042590777767 -0.042590777767 0.607131299793
MET-MET-CA 0.0494889077274 5.03161236729 53.2652167085 0.372239826477 0.559826230797 0.559826230797 8.23180580024
MET-MET-CA 0.226055381564 4.92743881482 53.796282752 0.339323126679 -0.0322425721479 -0.0322425721479 1.08488998776
MET-MET-CA 0.238265849316 3.97237673924 59.1127515063 0.0752983889926 -0.0785749059468 -0.0785749059468 1.3531438947
MET-MET-CA 0.27110755944 4.52510846121 54.8733352268 0.210057355568 -0.272491967548 -0.272491967548 0.693397583916
MET-MET-CA 0.215082301952 4.36051714555 56.7066535457 0.0499438834569 -0.082727932121 -0.082727932121 0.754861773661
PRO-PRO-CG 0.289609850137 1.79287112155 27.4789335561 0.122450617139 0.091442530959 0.091442530959 0.548857187322
PRO-PRO-CG 0.218040670878 2.00551169487 26.2741250871 0.0338180624155 0.139411558171 0.139411558171 2.47515322161
PRO-PRO-CG 0.407954527072 2.03018240821 27.5097582048 0.0118797614532 0.0153055692495 0.0153055692495 0.185518279159
PRO-PRO-CG 0.082504841931 1.26075932874 26.0611613039 0.425937986807 0.0185490648993 0.0185490648993 4.57064021423
PRO-PRO-CG 0.00189010998287 0.934342276157 19.7257437303 0.492134137574 -0.285206192055 -0.285206192055 0.166386459485
ILE-ILE-CD1 0.333380371988 0.596385533012 13.9809461656 0.0888168784587 0.101868264968 0.101868264968 0.936580442346
ILE-ILE-CD1 0.00405953991881 0.767333328724 47.9200000763 0.00939022085012 -0.0331800541755 -0.0331800541755 0.445467425514
ILE-ILE-CD1 0.126511492666 0.676421326959 13.1080033969 0.047118355305 0.336769686593 0.336769686593 11.4908112519
ILE-ILE-CD1 0.112419167731 0.0972937611863 12.4435289441 0.298496074142 0.265897097377 0.265897097377 4.89201162667
ILE-ILE-CD1 0.423629427697 0.803795855568 13.4743566731 0.0101112180618 0.0116235134073 0.0116235134073 1.30221790394
HIS-HIS-CA 0.914429512305 4.71521011314 56.0838279232 0.222388688586 -0.684477286822 -0.684477286822 4.79861835257
HIS-HIS-CA 0.0812663270802 4.06966227971 56.5716560364 0.845259900049 -0.0377567492887 -0.0377567492887 19.8029268131
HIS-HIS-CA 0.00430416061519 7.75366656212 81.3533325979 0.0219735404751 0.871401030278 0.871401030278 35.8015026921
ARG-ARG-CA 0.328306586016 4.36446749231 56.0086477162 0.0677403718108 -0.226379772796 -0.226379772796 1.67158864681
ARG-ARG-CA 0.197588497986 3.9670393927 59.4180585948 0.0278365155536 -0.057466148238 -0.057466148238 0.76902801712
ARG-ARG-CA 0.188559874046 3.93633272975 58.2731238656 0.218739189397 -0.136825599667 -0.136825599667 2.04861823324
ARG-ARG-CA 0.236967738628 4.88471994622 53.9263242838 0.207030337293 0.0609064548361 0.0609064548361 1.50409449358
ARG-ARG-CA 0.0485773033231 4.40946351627 54.8029824442 0.743943507243 -0.135819771041 -0.135819771041 0.473250859472
LYS-LYS-CD 0.196627226328 1.39259804394 29.0243569937 0.216052341502 0.0990788114266 0.0990788114266 3.04200318699
LYS-LYS-CD 0.0817507489481 1.53611343957 26.2076069868 0.0624050931997 0.325468701186 0.325468701186 2.60662729001
LYS-LYS-CD 0.721622024724 1.64120061215 29.1866955614 0.011120952557 0.00484668878486 0.00484668878486 0.212667905269
TRP-TRP-CB 0.265252513762 3.16052113944 29.0046690398 0.0716037413149 -0.162203453323 -0.162203453323 1.32874164376
TRP-TRP-CB 0.207908954698 3.11008420747 32.81692822 0.137719546466 -0.00469947744988 -0.00469947744988 1.50369888529
TRP-TRP-CB 0.265247449069 3.34270536612 30.2524871368 0.0669967779604 -0.0479120792897 -0.0479120792897 0.735575882893
TRP-TRP-CB 0.253602977052 2.90045323975 29.4151944715 0.236859954525 -0.107060520188 -0.107060520188 7.62462332563
TRP-TRP-CB 0.00798810541933 2.03700206442 34.3445428976 0.618283683158 3.48680479442 3.48680479442 19.7290830618
GLU-GLU-CB 0.338948062094 1.98690252171 29.9199035586 0.0216483440309 -0.0859637815356 -0.0859637815356 3.72212834794
GLU-GLU-CB 0.368571155069 2.06636373683 29.5852795144 0.0273189685698 0.00588919779189 0.00588919779189 0.485670143422
GLU-GLU-CB 0.103387881622 1.890966811 28.9387685568 0.286779161617 0.190493311124 0.190493311124 5.24949039321
GLU-GLU-CB 0.00180262864187 2.09757652675 42.423778087 0.0571884080083 0.800825194311 0.800825194311 17.4287574243
GLU-GLU-CB 0.187290272573 1.97131283981 32.519757869 0.0589016332895 0.0627047462095 0.0627047462095 2.93679742548
PRO-PRO-CA 0.194733361099 4.25325864246 65.49814454 0.0656117222304 -0.0213677953115 -0.0213677953115 0.614504582745
PRO-PRO-CA 0.0495065006717 3.73541172915 61.9625708378 0.722041887199 -0.894303857425 -0.894303857425 7.67614700186
PRO-PRO-CA 0.217598384406 4.4309326792 62.8635389761 0.166054334981 -0.197812315459 -0.197812315459 0.666495949829
PRO-PRO-CA 0.27509813947 4.5234673403 62.435744893 0.17458429997 0.0133833261326 0.0133833261326 1.96524874712
PRO-PRO-CA 0.263063614353 4.42898569497 63.258605941 0.0115843563028 -0.0215803664941 -0.0215803664941 0.781436530406
TRP-TRP-CA 0.487652402223 4.51282241707 58.914131097 0.127311698921 -0.516331886703 -0.516331886703 4.55328542276
TRP-TRP-CA 0.477076250585 5.07395761453 55.7880079548 0.241251077604 -0.157555090447 -0.157555090447 3.05534830822
TRP-TRP-CA 0.0352713471918 3.44521467076 60.8085015166 0.461838555962 0.123600569137 0.123600569137 14.7071698463
MET-MET-CG 1.0 2.40648138964 32.0093014459 0.142927290906 0.0538600836316 0.0538600836316 2.18907878941
LYS-LYS-CE 0.704031577636 2.94443389116 42.0551504332 0.00932959634038 0.0109779818359 0.0109779818359 0.0965607806006
LYS-LYS-CE 0.279842074629 2.76863099365 41.4080185977 0.154757108911 0.104066808132 0.104066808132 2.30252438915
LYS-LYS-CE 0.0161263477349 2.50737560003 36.9825402271 0.0113275117382 0.00589494129979 0.00589494129979 0.0262561391004
GLN-GLN-CB 0.312376755535 2.10664575011 28.5393787641 0.0158612751931 -0.0265512212301 -0.0265512212301 0.477262434846
GLN-GLN-CB 0.414987646948 2.03768194907 30.2010711879 0.0474131472404 -0.130073632726 -0.130073632726 5.78929832409
GLN-GLN-CB 0.104173558261 2.10378159016 30.029984933 0.11557615594 -0.252738691278 -0.252738691278 1.22564391835
GLN-GLN-CB 0.0280031530676 1.81536504085 30.0406307447 1.52105295874 1.85329981974 1.85329981974 8.85461097194
GLN-GLN-CB 0.140458886189 1.82216559391 27.4948356226 0.121596661334 -0.142355329896 -0.142355329896 2.17316876484
HIS-HIS-CB 0.262666785543 3.17468959298 30.1637965694 0.0216885509721 0.000535025984533 0.000535025984533 1.43214175416
HIS-HIS-CB 0.43807435086 2.81426000505 31.6727872729 0.231327597728 0.0647849283231 0.0647849283231 7.0846917516
HIS-HIS-CB 0.00920954658064 3.49466632987 26.2281436694 3.36424971889 10.4033238933 10.4033238933 33.0303116231
HIS-HIS-CB 0.266964451865 3.19019036568 29.1086325063 0.0701024534183 -0.139976755519 -0.139976755519 3.71845773545
HIS-HIS-CB 0.0230848651518 3.53078301338 28.4639617313 12.959485363 -5.41355164726 -5.41355164726 6.87048547421
ILE-ILE-CA 0.0253140943815 4.71015272349 56.3034828997 0.128107097113 0.142356859985 0.142356859985 1.23176307818
ILE-ILE-CA 0.0564657793569 3.95168672394 63.3451928342 0.0630831399532 -0.00846954468535 -0.00846954468535 0.251846342625
ILE-ILE-CA 0.384989940559 4.45302221432 60.6646582513 0.26105758109 -0.468593186326 -0.468593186326 1.41025697051
ILE-ILE-CA 0.223671525835 3.60298854417 65.276379775 0.0692989156578 -0.0484806287838 -0.0484806287838 0.881667494659
ILE-ILE-CA 0.309558659868 4.53256986643 59.681007597 0.307488700022 -0.247879235552 -0.247879235552 2.92296802715
TYR-TYR-CA 0.40511451574 4.98799953324 56.7346496357 0.263515415055 -0.295646641307 -0.295646641307 1.64976191565
TYR-TYR-CA 0.0302765228672 4.27582372245 54.458589011 1.50659350829 -1.28951297314 -1.28951297314 3.02421418985
TYR-TYR-CA 0.19117452068 4.72897832402 57.2674033973 0.143336293321 -0.673493523892 -0.673493523892 9.60810428295
TYR-TYR-CA 0.254555260401 4.18388974465 60.8118698185 0.0797697250961 -0.3243967874 -0.3243967874 2.63302667913
TYR-TYR-CA 0.118879180312 4.52501872551 58.2704428502 0.783825636934 -1.1600297269 -1.1600297269 2.87745816246
PRO-PRO-CD 0.750410262803 3.72611342906 50.5967203084 0.0521202210649 0.057587440697 0.057587440697 0.437490897756
PRO-PRO-CD 0.0122388444211 3.73244603697 39.4484044352 0.0702835525713 -0.115497395322 -0.115497395322 212.660522383
PRO-PRO-CD 0.237350892776 3.22261327886 49.2002160722 0.566386836031 0.116730729083 0.116730729083 2.63418975228
GLY-GLY-CA 0.134785470189 3.93569749106 46.6516807834 0.0231548372329 -0.020611196578 -0.020611196578 0.354610061449
GLY-GLY-CA 0.118234466726 3.79570861245 47.0647744253 0.109867885257 0.0273445518754 0.0273445518754 0.904909250179
GLY-GLY-CA 0.281009567159 3.92772382393 45.3464136589 0.0769825111891 -0.00440191488548 -0.00440191488548 0.168157670273
GLY-GLY-CA 0.37733838178 4.00317554077 44.560826121 0.196292476831 0.013246134234 0.013246134234 1.25908116511
GLY-GLY-CA 0.0886321141467 3.63870974429 44.3474109432 1.03622527674 0.202820969128 0.202820969128 6.13002263546
LYS-LYS-CG 0.687530370223 1.41213507865 24.9188190295 0.0204330618583 0.0213213850477 0.0213213850477 0.317520254064
LYS-LYS-CG 0.312469629777 1.17086055669 24.429395519 0.196953232545 0.206522739942 0.206522739942 4.55051596577
VAL-VAL-CG1 1.0 0.816964539373 21.5468501178 0.0838291131961 0.132885020177 0.132885020177 6.7931399445
SER-SER-CB 0.222841642569 3.86325208066 63.0513473821 0.0258208356075 -0.0637554386269 -0.0637554386269 2.49393986574
SER-SER-CB 0.443149974838 3.8549023787 64.620033307 0.0814768572601 -0.010230084859 -0.010230084859 2.30715365044
SER-SER-CB 0.0868810366539 3.48725192881 63.214805473 0.441617144314 0.26609621442 0.26609621442 9.90508267307
SER-SER-CB 0.246155213729 3.93432807919 63.4328308183 0.0118196622528 -0.0298755789702 -0.0298755789702 0.448406287052
SER-SER-CB 0.000972132209981 2.66333341599 35.6000010172 0.95315574663 -0.819999728705 -0.819999728705 0.7199993896
THR-THR-CA 0.304330970469 4.9627717818 60.2664646286 0.198138219686 -0.10725898396 -0.10725898396 1.84440762517
THR-THR-CA 0.0951668374667 4.35585586829 61.7196461874 0.331204248475 -0.507792770187 -0.507792770187 13.9429367376
THR-THR-CA 0.191657568 3.92905594588 66.4285083712 0.0638247926859 0.005277591748 0.005277591748 1.79787373695
THR-THR-CA 0.136554745865 4.56610933903 62.2352602883 0.143978305162 0.051611476764 0.051611476764 0.491115672431
THR-THR-CA 0.272289878199 4.41002526271 61.5028899321 0.0465040603213 -0.279927974624 -0.279927974624 2.89625762768
